43 3 3 --> 18
54 146 3 --> 1
4 146 146 --> 1
142 54 142 --> 2
3 3 5 --> 8
19 19 19 --> 15
3 3 6 --> 10
3 3 3 --> 197
168 43 195 --> 1
265 119 265 --> 2
142 3 142 --> 56
142 54 146 --> 1
142 3 146 --> 14
175 192 175 --> 2
6 33 5 --> 35
309 309 54 --> 91
104 142 146 --> 8
175 54 142 --> 1
104 142 142 --> 18
168 3 3 --> 202
3 265 43 --> 23
265 3 91 --> 1
125 125 125 --> 35
168 3 4 --> 3
142 142 91 --> 1
119 142 119 --> 6
168 78 146 --> 1
265 142 119 --> 6
197 192 3 --> 6
197 192 4 --> 2
309 3 309 --> 9
3 162 3 --> 1
168 19 3 --> 1
175 104 265 --> 4
5 192 91 --> 1
168 19 265 --> 1
54 5 54 --> 2
175 142 104 --> 9
174 174 57 --> 5
54 168 168 --> 2
4 168 168 --> 4
175 119 265 --> 9
168 265 340 --> 1
19 4 168 --> 1
265 192 91 --> 1
43 265 265 --> 15
3 265 195 --> 1
146 119 265 --> 2
175 3 265 --> 6
265 54 142 --> 3
5 197 5 --> 3
5 197 3 --> 2
3 3 175 --> 25
3 168 43 --> 22
168 168 5 --> 1
141 3 3 --> 1
104 175 91 --> 1
141 3 5 --> 1
91 142 142 --> 1
43 168 265 --> 39
175 146 104 --> 3
168 340 168 --> 9
195 340 265 --> 1
265 168 340 --> 5
146 175 91 --> 1
4 174 174 --> 2
168 140 3 --> 1
78 3 3 --> 1
142 3 3 --> 59
192 4 174 --> 2
104 104 142 --> 3
340 43 265 --> 1
265 168 19 --> 1
104 142 3 --> 18
54 309 309 --> 107
268 45 45 --> 5
146 265 104 --> 7
54 54 54 --> 1464
309 3 54 --> 75
168 78 3 --> 1
114 114 114 --> 22
6 141 197 --> 1
4 265 265 --> 4
175 91 265 --> 1
4 265 3 --> 1
140 168 265 --> 1
140 3 3 --> 1
5 192 162 --> 1
91 141 3 --> 1
168 4 168 --> 3
146 3 146 --> 13
43 265 168 --> 31
142 91 175 --> 1
240 54 265 --> 1
146 3 142 --> 20
146 192 175 --> 1
3 104 104 --> 8
45 33 192 --> 5
168 3 168 --> 589
265 3 4 --> 1
265 146 265 --> 18
142 175 104 --> 8
175 3 3 --> 9
146 142 91 --> 1
3 168 146 --> 27
114 114 162 --> 96
91 146 265 --> 1
104 104 91 --> 1
19 19 265 --> 2
3 142 146 --> 21
175 175 192 --> 1
309 54 309 --> 146
168 168 265 --> 919
168 340 265 --> 3
6 197 3 --> 2
168 168 340 --> 10
104 146 104 --> 2
265 3 175 --> 6
146 142 146 --> 19
142 146 3 --> 19
265 265 43 --> 18
6 91 3 --> 1
91 91 5 --> 4
91 91 3 --> 3
6 91 5 --> 8
168 168 168 --> 2296
168 195 43 --> 1
104 175 104 --> 3
192 175 175 --> 2
142 3 104 --> 24
168 168 162 --> 2
6 6 91 --> 2
340 3 168 --> 2
78 54 265 --> 1
168 3 6 --> 1
146 175 142 --> 12
265 43 3 --> 23
192 243 125 --> 5
168 168 146 --> 56
265 146 168 --> 26
146 3 4 --> 1
146 3 3 --> 23
142 265 119 --> 10
195 340 168 --> 3
265 91 146 --> 1
78 168 19 --> 1
195 340 3 --> 1
43 168 43 --> 14
142 175 54 --> 1
309 54 3 --> 21
197 5 3 --> 1
265 195 3 --> 2
265 104 3 --> 23
175 175 104 --> 7
43 3 43 --> 6
168 162 168 --> 1
175 175 265 --> 9
175 142 142 --> 40
6 168 168 --> 1
3 19 19 --> 3
175 142 146 --> 12
6 192 6 --> 1
43 168 168 --> 61
146 3 91 --> 2
3 141 3 --> 1
265 5 78 --> 2
142 119 104 --> 1
3 54 5 --> 1
146 146 3 --> 14
142 119 265 --> 9
3 5 3 --> 10
142 3 175 --> 14
3 5 6 --> 4
3 5 5 --> 15
43 265 3 --> 23
265 104 146 --> 4
6 91 197 --> 1
265 104 142 --> 16
3 175 91 --> 2
19 168 265 --> 1
168 19 4 --> 1
175 104 142 --> 8
142 104 104 --> 1
91 146 175 --> 1
175 54 175 --> 5
175 265 119 --> 1
54 175 6 --> 5
197 192 5 --> 1
265 119 142 --> 9
168 3 78 --> 9
33 5 3 --> 35
192 5 5 --> 3
3 54 309 --> 31
197 192 6 --> 5
146 3 119 --> 2
3 3 195 --> 1
54 54 309 --> 501
175 265 175 --> 4
168 265 78 --> 2
162 91 3 --> 1
104 104 3 --> 5
3 54 3 --> 8
162 162 114 --> 375
3 6 174 --> 5
43 43 195 --> 1
3 6 141 --> 1
3 3 197 --> 2
3 78 146 --> 1
119 265 265 --> 4
146 265 146 --> 13
265 3 119 --> 2
146 265 142 --> 20
54 3 142 --> 1
142 146 119 --> 3
175 146 3 --> 4
162 78 4 --> 1
4 19 19 --> 4
5 3 265 --> 1
192 162 6 --> 1
3 195 265 --> 1
91 78 168 --> 1
5 3 141 --> 1
192 6 33 --> 35
265 142 104 --> 8
3 168 19 --> 3
3 197 6 --> 1
3 265 265 --> 149
146 168 78 --> 1
119 146 142 --> 5
175 175 119 --> 4
119 146 146 --> 2
168 43 265 --> 26
43 168 3 --> 28
265 175 119 --> 4
175 175 54 --> 1
265 175 91 --> 1
146 142 3 --> 20
265 4 265 --> 2
142 175 146 --> 14
3 5 141 --> 1
142 175 142 --> 44
43 3 265 --> 30
168 168 78 --> 8
19 265 265 --> 2
78 265 265 --> 1
146 119 146 --> 1
265 142 175 --> 16
142 142 119 --> 18
192 192 192 --> 15
104 104 175 --> 1
220 196 220 --> 3
19 3 3 --> 3
6 6 3 --> 1
43 195 168 --> 2
146 142 104 --> 3
146 4 168 --> 1
265 192 146 --> 1
54 54 3 --> 91
4 19 4 --> 3
3 146 168 --> 17
192 91 146 --> 1
265 265 119 --> 1
3 19 3 --> 3
265 3 195 --> 1
197 192 192 --> 40
168 146 146 --> 4
146 3 175 --> 6
175 91 175 --> 5
3 265 168 --> 277
146 146 104 --> 1
197 6 5 --> 1
3 104 175 --> 10
146 168 43 --> 1
146 146 265 --> 8
6 5 6 --> 4
146 146 142 --> 11
142 175 91 --> 1
78 168 168 --> 8
265 3 19 --> 1
6 5 3 --> 2
19 168 3 --> 2
258 311 240 --> 5
78 265 4 --> 1
195 168 265 --> 1
119 142 192 --> 1
91 175 175 --> 2
6 91 91 --> 1
175 146 175 --> 3
168 43 168 --> 48
175 119 3 --> 4
54 240 54 --> 11
114 162 114 --> 105
142 3 54 --> 1
78 4 168 --> 1
168 162 4 --> 1
168 162 3 --> 1
146 168 265 --> 33
125 91 258 --> 5
142 119 146 --> 9
340 168 168 --> 4
265 168 4 --> 4
265 168 3 --> 263
265 102 265 --> 7
192 175 142 --> 1
265 3 265 --> 186
192 104 104 --> 1
197 168 146 --> 1
91 175 142 --> 2
54 142 265 --> 1
3 265 119 --> 6
142 265 142 --> 58
104 142 175 --> 11
265 104 265 --> 8
142 265 146 --> 22
175 104 104 --> 3
340 168 3 --> 4
3 265 54 --> 2
265 78 4 --> 2
5 3 197 --> 35
265 43 43 --> 12
265 146 192 --> 1
119 175 119 --> 3
3 3 91 --> 5
119 142 104 --> 2
265 54 3 --> 1
78 4 265 --> 1
119 104 146 --> 1
240 54 240 --> 2
119 104 142 --> 5
54 54 240 --> 8
104 119 142 --> 1
102 168 168 --> 36
43 340 168 --> 1
192 192 243 --> 5
168 54 168 --> 1
174 174 5 --> 3
43 168 195 --> 2
168 19 19 --> 2
78 265 168 --> 8
91 3 5 --> 9
91 3 3 --> 2
43 3 168 --> 15
3 265 340 --> 1
265 119 119 --> 1
168 4 4 --> 1
3 6 91 --> 10
340 265 43 --> 1
168 4 3 --> 2
43 195 340 --> 1
265 104 175 --> 3
122 268 45 --> 5
3 192 5 --> 2
91 146 146 --> 1
142 175 3 --> 11
3 3 162 --> 2
3 168 54 --> 1
91 146 142 --> 1
175 104 175 --> 4
78 146 265 --> 1
3 3 168 --> 219
91 3 104 --> 1
119 119 3 --> 2
168 43 340 --> 1
3 175 142 --> 16
174 174 175 --> 5
174 174 174 --> 163
3 175 146 --> 5
175 142 119 --> 7
168 43 43 --> 19
146 192 91 --> 1
265 3 3 --> 160
3 104 91 --> 1
119 265 104 --> 3
3 146 119 --> 1
162 168 168 --> 1
3 142 119 --> 6
104 142 265 --> 16
195 3 168 --> 1
119 142 3 --> 4
3 265 5 --> 2
4 4 146 --> 1
78 168 265 --> 5
6 197 192 --> 2
142 146 142 --> 55
265 78 265 --> 1
3 3 78 --> 3
142 146 146 --> 14
174 11 45 --> 5
5 54 54 --> 2
309 309 3 --> 20
54 3 54 --> 101
265 240 240 --> 1
146 146 146 --> 8
168 168 4 --> 3
43 265 43 --> 5
168 168 3 --> 551
54 54 91 --> 1
54 104 142 --> 1
91 6 6 --> 1
19 3 78 --> 1
265 175 142 --> 11
3 3 43 --> 17
265 3 43 --> 18
265 175 146 --> 3
265 168 102 --> 6
265 240 54 --> 1
3 192 3 --> 1
309 3 4 --> 1
265 3 168 --> 282
168 168 43 --> 46
265 102 168 --> 19
197 5 5 --> 5
195 3 3 --> 3
146 168 146 --> 10
265 168 78 --> 4
4 168 265 --> 2
146 168 140 --> 1
192 142 142 --> 1
175 175 91 --> 2
104 146 175 --> 1
195 43 168 --> 2
78 162 3 --> 1
265 265 142 --> 31
91 265 142 --> 1
265 265 146 --> 25
91 265 146 --> 1
265 3 340 --> 4
195 168 3 --> 3
3 91 91 --> 4
104 146 146 --> 1
192 175 3 --> 1
162 168 3 --> 1
168 78 168 --> 7
3 3 309 --> 1
142 265 104 --> 14
3 122 168 --> 1
142 142 3 --> 72
4 265 146 --> 2
175 91 142 --> 3
168 140 168 --> 1
265 54 265 --> 1
265 146 119 --> 4
175 265 3 --> 5
175 3 104 --> 7
91 192 5 --> 1
119 142 146 --> 4
142 142 54 --> 2
265 142 146 --> 21
142 104 175 --> 5
174 5 221 --> 3
265 142 142 --> 65
91 175 104 --> 1
141 197 5 --> 1
175 175 175 --> 65
168 340 43 --> 1
142 3 265 --> 41
91 91 91 --> 5
91 5 91 --> 5
104 91 265 --> 1
175 142 175 --> 17
3 265 4 --> 2
3 195 3 --> 2
3 265 104 --> 11
168 146 3 --> 35
340 3 3 --> 3
309 54 54 --> 447
142 119 175 --> 3
91 197 91 --> 2
104 104 146 --> 1
175 174 174 --> 5
3 141 91 --> 1
265 43 340 --> 2
265 175 3 --> 2
4 19 265 --> 2
54 174 174 --> 3
54 3 309 --> 14
146 168 3 --> 22
175 265 104 --> 6
78 265 78 --> 1
5 6 197 --> 1
221 220 196 --> 3
175 265 265 --> 1
3 142 3 --> 58
3 78 19 --> 1
91 175 91 --> 2
104 175 265 --> 1
104 175 3 --> 7
192 146 146 --> 1
3 146 192 --> 1
91 3 141 --> 1
91 3 142 --> 1
3 195 43 --> 1
54 54 5 --> 1
3 91 265 --> 1
122 168 265 --> 1
311 240 240 --> 5
54 265 265 --> 1
340 168 265 --> 4
3 309 3 --> 1
3 168 340 --> 3
168 265 43 --> 53
168 195 340 --> 5
265 4 19 --> 1
3 6 3 --> 1
146 265 175 --> 6
3 6 5 --> 1
3 6 6 --> 3
168 265 6 --> 1
146 142 265 --> 15
91 5 192 --> 2
168 265 3 --> 291
265 119 146 --> 3
5 192 5 --> 3
146 175 175 --> 7
146 104 142 --> 7
3 91 192 --> 1
91 5 5 --> 11
3 91 197 --> 1
91 5 6 --> 2
78 3 168 --> 3
3 104 265 --> 15
265 19 19 --> 2
175 104 3 --> 10
19 19 78 --> 1
175 6 3 --> 5
119 146 265 --> 3
192 91 5 --> 2
142 175 175 --> 14
265 265 175 --> 3
54 265 168 --> 1
5 3 91 --> 7
142 142 104 --> 17
54 3 265 --> 2
104 265 142 --> 14
104 265 146 --> 3
142 91 142 --> 1
142 142 265 --> 62
146 265 3 --> 20
5 3 162 --> 1
265 162 78 --> 1
240 309 54 --> 2
146 265 4 --> 1
3 142 142 --> 60
5 5 192 --> 2
175 146 265 --> 6
5 5 197 --> 5
197 91 3 --> 1
168 265 54 --> 1
197 91 5 --> 2
168 168 140 --> 1
3 119 3 --> 4
162 168 78 --> 1
265 265 104 --> 8
265 265 102 --> 5
309 54 4 --> 1
3 175 104 --> 10
175 119 104 --> 2
142 146 175 --> 6
3 6 197 --> 1
192 6 192 --> 5
265 43 168 --> 40
146 3 168 --> 30
265 19 168 --> 1
146 146 175 --> 4
265 142 54 --> 1
146 119 3 --> 3
5 3 168 --> 1
168 4 19 --> 3
175 3 146 --> 2
175 3 142 --> 16
104 175 175 --> 5
265 175 175 --> 7
168 195 168 --> 6
162 5 91 --> 1
3 3 19 --> 3
240 174 174 --> 5
91 175 146 --> 1
104 3 142 --> 18
4 240 54 --> 1
3 119 175 --> 1
240 240 174 --> 5
104 3 146 --> 4
3 175 119 --> 1
3 168 168 --> 532
168 102 168 --> 36
265 340 43 --> 1
114 162 162 --> 381
142 265 54 --> 1
146 265 192 --> 1
175 142 192 --> 1
3 91 141 --> 1
3 91 146 --> 1
340 3 43 --> 2
119 142 142 --> 18
4 3 168 --> 4
142 265 3 --> 48
54 142 3 --> 1
175 265 146 --> 4
197 3 91 --> 1
6 6 5 --> 3
175 265 142 --> 9
104 265 3 --> 11
3 78 3 --> 2
142 265 175 --> 9
265 146 142 --> 20
265 146 146 --> 11
6 5 5 --> 9
45 45 5 --> 5
168 3 146 --> 16
5 91 6 --> 1
3 91 3 --> 5
265 3 78 --> 3
3 91 5 --> 3
168 265 146 --> 21
119 142 175 --> 3
119 265 119 --> 2
78 19 3 --> 1
3 119 142 --> 4
146 265 91 --> 1
119 175 104 --> 1
168 340 3 --> 5
3 119 146 --> 1
168 19 78 --> 1
5 5 162 --> 1
4 265 19 --> 1
265 146 4 --> 1
265 146 3 --> 22
54 146 265 --> 1
265 119 104 --> 3
175 142 3 --> 11
146 104 104 --> 1
6 168 3 --> 1
104 142 119 --> 3
192 33 5 --> 5
91 258 311 --> 5
6 6 6 --> 1
175 175 146 --> 4
102 265 265 --> 7
3 78 265 --> 6
265 104 119 --> 1
142 142 146 --> 46
3 3 119 --> 3
3 175 175 --> 22
142 142 142 --> 135
78 19 19 --> 2
175 175 142 --> 20
104 265 104 --> 5
6 3 3 --> 2
6 3 5 --> 5
6 3 6 --> 5
5 3 6 --> 2
168 78 54 --> 1
3 78 168 --> 8
3 195 168 --> 1
3 142 104 --> 16
3 78 162 --> 1
141 91 192 --> 1
54 265 54 --> 1
4 3 265 --> 1
3 265 3 --> 154
340 43 3 --> 1
4 3 3 --> 1
192 6 5 --> 2
195 168 43 --> 2
175 191 122 --> 5
265 4 168 --> 4
175 119 142 --> 7
265 146 54 --> 1
192 192 91 --> 1
168 5 3 --> 2
6 3 192 --> 1
340 265 265 --> 1
195 340 43 --> 1
168 4 265 --> 6
265 168 146 --> 47
91 142 265 --> 2
146 119 142 --> 1
168 265 195 --> 1
3 43 265 --> 13
3 146 3 --> 25
54 240 309 --> 1
197 3 197 --> 1
3 54 54 --> 143
3 3 54 --> 6
19 19 168 --> 2
3 192 197 --> 1
175 142 265 --> 22
168 146 19 --> 1
104 265 175 --> 2
3 168 197 --> 1
104 3 104 --> 11
142 104 142 --> 22
142 104 265 --> 7
340 265 168 --> 1
265 168 43 --> 29
340 3 265 --> 1
265 240 3 --> 1
168 146 265 --> 30
3 142 175 --> 20
3 168 195 --> 3
43 43 3 --> 7
192 197 91 --> 1
5 91 3 --> 8
146 142 175 --> 11
5 91 5 --> 6
168 197 168 --> 1
3 309 309 --> 5
196 220 6 --> 2
3 146 104 --> 7
4 168 3 --> 3
168 146 168 --> 71
54 309 54 --> 504
265 265 265 --> 251
265 19 146 --> 1
119 265 146 --> 3
3 265 146 --> 20
192 91 265 --> 1
162 3 197 --> 1
78 265 3 --> 1
3 265 142 --> 46
265 265 162 --> 1
162 3 192 --> 1
265 146 104 --> 2
54 4 240 --> 1
104 3 3 --> 31
168 3 43 --> 23
192 5 3 --> 3
43 43 265 --> 8
5 78 168 --> 1
5 5 5 --> 34
142 119 142 --> 24
54 309 3 --> 66
5 5 6 --> 11
175 175 3 --> 11
5 5 3 --> 18
146 142 142 --> 47
174 57 175 --> 5
146 175 3 --> 3
168 265 102 --> 20
240 240 309 --> 1
265 54 240 --> 1
6 174 174 --> 5
146 265 265 --> 23
104 146 91 --> 1
5 6 6 --> 2
4 4 265 --> 2
119 175 146 --> 1
5 6 5 --> 9
5 6 3 --> 7
119 175 142 --> 4
3 4 54 --> 1
265 168 54 --> 1
3 91 175 --> 2
197 3 5 --> 1
197 3 3 --> 3
265 168 265 --> 486
195 43 43 --> 1
3 3 265 --> 141
3 43 3 --> 17
78 168 3 --> 3
174 175 191 --> 5
142 146 265 --> 26
142 175 265 --> 10
309 3 3 --> 2
146 175 192 --> 1
104 175 119 --> 1
3 340 43 --> 1
5 192 6 --> 1
119 119 265 --> 1
3 340 3 --> 2
265 6 168 --> 1
142 104 119 --> 1
168 3 19 --> 1
162 6 3 --> 1
91 192 175 --> 1
91 3 91 --> 2
3 265 78 --> 1
3 43 195 --> 1
243 125 125 --> 5
340 168 43 --> 3
102 168 102 --> 3
19 4 4 --> 4
168 54 146 --> 1
3 162 162 --> 1
102 168 265 --> 17
43 340 265 --> 1
265 119 175 --> 3
3 146 265 --> 19
4 54 54 --> 1
104 91 146 --> 1
3 175 3 --> 12
146 265 168 --> 23
146 104 175 --> 4
3 43 168 --> 28
162 114 114 --> 91
78 4 19 --> 1
5 3 3 --> 10
265 195 43 --> 1
45 5 197 --> 5
5 3 5 --> 12
142 104 3 --> 19
175 119 119 --> 1
3 3 104 --> 25
146 91 3 --> 1
175 104 119 --> 1
340 265 3 --> 3
54 146 142 --> 1
162 162 91 --> 1
6 192 192 --> 5
192 192 3 --> 1
54 54 174 --> 3
119 3 175 --> 4
192 192 6 --> 38
265 265 168 --> 438
4 4 19 --> 2
142 142 175 --> 34
168 265 4 --> 2
4 4 4 --> 5
168 168 19 --> 1
3 309 54 --> 18
142 192 3 --> 1
162 162 162 --> 1409
340 43 168 --> 3
168 195 3 --> 1
265 162 168 --> 1
3 104 3 --> 27
33 5 197 --> 5
162 114 162 --> 389
3 146 146 --> 7
3 146 142 --> 13
5 3 192 --> 1
265 175 265 --> 4
146 265 119 --> 1
265 168 195 --> 3
175 91 192 --> 1
146 146 168 --> 5
5 3 78 --> 1
57 175 54 --> 5
265 340 168 --> 1
142 265 265 --> 41
33 192 33 --> 5
142 119 3 --> 6
3 168 4 --> 7
175 3 175 --> 7
104 119 265 --> 2
240 3 54 --> 1
142 175 119 --> 9
3 5 197 --> 2
265 168 168 --> 938
78 146 168 --> 2
104 3 91 --> 1
146 175 119 --> 2
195 265 168 --> 1
3 192 142 --> 1
104 3 175 --> 13
19 19 4 --> 5
19 19 3 --> 3
19 3 168 --> 2
119 265 142 --> 10
265 3 142 --> 38
4 168 162 --> 1
265 3 146 --> 21
19 265 168 --> 2
4 265 162 --> 1
265 265 4 --> 1
146 168 168 --> 54
265 265 3 --> 169
265 78 146 --> 1
3 340 265 --> 1
3 4 3 --> 3
142 3 119 --> 5
168 6 168 --> 1
5 5 91 --> 7
104 146 265 --> 3
168 78 265 --> 6
3 19 168 --> 1
220 6 197 --> 2
265 146 175 --> 7
168 3 122 --> 1
3 175 265 --> 6
3 197 192 --> 35
119 119 142 --> 2
91 3 192 --> 1
192 3 3 --> 7
91 3 197 --> 1
192 3 5 --> 2
192 3 6 --> 2
265 142 3 --> 29
119 3 3 --> 3
192 5 91 --> 2
19 4 19 --> 4
146 104 3 --> 6
119 142 265 --> 10
3 197 3 --> 2
5 6 192 --> 2
3 104 146 --> 5
11 45 33 --> 5
168 168 102 --> 38
168 265 168 --> 989
3 119 265 --> 2
54 54 265 --> 2
19 78 19 --> 2
91 265 265 --> 2
142 54 3 --> 1
3 142 265 --> 31
309 309 309 --> 43
3 54 265 --> 1
191 122 268 --> 5
146 3 78 --> 2
119 265 3 --> 5
5 192 3 --> 2
142 119 119 --> 3
168 102 265 --> 11
54 3 3 --> 4
192 6 54 --> 3
104 3 265 --> 12
5 141 5 --> 1
3 168 78 --> 2
146 19 168 --> 1
142 3 192 --> 1
104 175 142 --> 9
168 43 3 --> 23
104 142 104 --> 7
142 104 146 --> 7
43 340 43 --> 1
175 54 104 --> 1
104 146 142 --> 7
6 54 54 --> 3
91 5 197 --> 4
78 265 54 --> 1
6 3 168 --> 1
3 3 142 --> 54
43 3 195 --> 2
3 3 146 --> 23
5 91 91 --> 2
5 78 3 --> 1
104 146 3 --> 4
102 265 168 --> 9
54 54 168 --> 1
4 19 168 --> 2
102 265 102 --> 2
54 265 240 --> 3
265 265 19 --> 1
43 43 168 --> 23
174 174 11 --> 5
3 4 265 --> 2
168 265 265 --> 444
6 5 192 --> 1
146 104 146 --> 1
91 3 6 --> 2
175 119 175 --> 1
142 192 104 --> 1
119 146 3 --> 4
168 265 19 --> 2
104 265 265 --> 6
265 142 265 --> 43
142 146 104 --> 9
5 221 220 --> 3
5 162 5 --> 1
146 119 175 --> 1
168 3 265 --> 259
54 142 142 --> 2
3 340 168 --> 1
265 265 192 --> 1
265 265 195 --> 1
54 142 146 --> 1
6 91 78 --> 1
3 197 5 --> 3
91 192 192 --> 1
168 3 340 --> 1
3 5 192 --> 3
6 192 5 --> 1
5 197 192 --> 17
146 142 119 --> 9
162 3 265 --> 1
3 162 168 --> 1
168 3 195 --> 1
104 104 104 --> 2
6 3 197 --> 1
265 3 104 --> 11
19 168 168 --> 4
175 146 146 --> 1
104 104 265 --> 3
3 146 175 --> 4
119 3 142 --> 9
119 3 265 --> 3
3 168 6 --> 1
3 168 5 --> 1
4 265 168 --> 5
3 168 3 --> 224
175 146 142 --> 11
3 265 175 --> 8
146 54 146 --> 1
19 265 3 --> 1
146 3 104 --> 6
3 104 142 --> 20
146 3 265 --> 23
265 43 265 --> 26
168 168 195 --> 5
240 54 54 --> 10
265 4 3 --> 1
125 125 91 --> 5
195 3 265 --> 1
3 43 43 --> 7
141 5 5 --> 1
3 168 265 --> 320
19 146 168 --> 1
43 43 43 --> 5
3 5 91 --> 3
195 168 168 --> 3
54 142 54 --> 1
19 3 19 --> 2
146 104 265 --> 4
162 4 265 --> 1
91 142 3 --> 1
