3 265 168 3 168 3 168 --> 1
54 54 54 54 309 54 54 --> 1
197 192 3 3 6 91 5 --> 1
168 265 3 3 265 265 146 --> 1
142 175 104 175 175 3 175 --> 1
197 192 4 174 174 174 174 --> 1
142 142 3 265 3 3 3 --> 1
265 168 168 265 168 168 168 --> 1
3 91 5 5 5 3 3 --> 1
168 168 168 168 265 168 168 --> 2
104 3 3 142 142 3 142 --> 1
114 162 162 162 162 162 162 --> 1
265 265 3 265 3 168 168 --> 1
265 265 168 146 168 3 265 --> 1
168 3 3 265 265 265 168 --> 1
54 54 54 54 309 54 309 --> 1
265 168 168 168 168 265 102 --> 1
265 265 168 265 265 3 265 --> 1
162 162 162 162 162 162 162 --> 3
174 174 174 174 174 174 174 --> 1
168 265 168 168 168 265 168 --> 2
265 168 265 168 265 168 265 --> 1
168 168 168 265 168 168 168 --> 2
104 3 3 142 142 146 104 --> 1
168 168 168 43 265 3 265 --> 1
104 142 146 265 175 142 265 --> 1
265 168 168 3 3 168 265 --> 1
3 6 91 5 197 192 192 --> 1
265 43 265 265 168 168 265 --> 1
168 168 168 168 168 168 168 --> 1
3 43 3 3 3 3 168 --> 1
104 142 146 265 104 3 3 --> 1
3 168 265 168 168 3 168 --> 1
162 162 114 162 114 162 162 --> 1
54 54 54 309 54 309 54 --> 1
146 168 168 168 3 168 265 --> 1
114 162 162 114 114 162 162 --> 1
54 142 142 175 54 104 142 --> 1
168 3 3 168 168 3 168 --> 1
309 54 309 54 54 309 309 --> 1
5 91 6 6 3 197 5 --> 1
146 168 3 265 4 168 3 --> 1
168 168 265 168 168 168 168 --> 1
114 114 162 162 162 162 114 --> 1
168 168 168 3 168 3 265 --> 1
54 54 54 54 54 54 91 --> 1
168 168 340 168 265 168 168 --> 1
5 197 192 5 5 5 91 --> 1
3 146 265 168 168 3 265 --> 1
162 162 162 114 114 162 162 --> 1
174 174 5 221 220 196 220 --> 1
