168 168 168
54 54 54
162 162 162
168 265 168
265 168 168
168 168 265
168 3 168
168 168 3
3 168 168
54 309 54
54 54 309
265 168 265
309 54 54
168 265 265
265 265 168
162 114 162
114 162 162
162 162 114
3 168 265
168 265 3
265 3 168
3 265 168
265 168 3
168 3 265
265 265 265
3 168 3
3 3 168
168 3 3
3 3 3
265 3 265
265 265 3
174 174 174
265 3 3
3 265 3
3 265 265
309 54 309
3 54 54
3 3 265
142 142 142
54 309 309
114 162 114
54 3 54
114 114 162
309 309 54
54 54 3
162 114 114
309 3 54
142 142 3
168 146 168
54 309 3
265 142 142
175 175 175
142 142 265
43 168 168
3 142 142
142 3 3
142 265 142
3 142 3
142 3 142
168 168 146
142 146 142
146 168 168
3 3 142
168 265 43
168 43 168
142 265 3
265 168 146
146 142 142
168 168 43
142 142 146
3 265 142
142 175 142
309 309 309
265 142 265
142 3 265
142 265 265
175 142 142
197 192 192
265 43 168
43 168 265
192 192 6
265 3 142
168 168 102
102 168 168
168 102 168
6 33 5
125 125 125
33 5 3
192 6 33
5 3 197
3 197 192
168 146 3
5 5 5
142 142 175
146 168 265
43 265 168
3 54 309
265 265 142
104 3 3
3 142 265
43 3 265
146 3 168
168 146 265
265 168 43
265 142 3
43 168 3
3 43 168
3 168 146
3 104 3
265 146 168
168 43 265
142 146 265
265 43 265
3 3 175
265 265 146
3 146 3
3 3 104
142 3 104
142 119 142
3 265 43
265 43 3
146 3 3
265 104 3
43 265 3
168 3 43
146 265 265
146 265 168
146 3 265
168 43 3
3 3 146
43 43 168
3 168 43
114 114 114
142 265 146
146 168 3
265 146 3
3 175 175
175 142 265
142 104 142
3 142 146
265 142 146
309 54 3
168 265 146
265 3 146
146 3 142
146 265 142
146 142 3
309 309 3
146 265 3
265 146 142
175 175 142
3 142 175
3 265 146
168 265 102
3 104 142
146 142 146
142 146 3
168 43 43
265 102 168
3 146 265
142 104 3
43 3 3
104 142 142
104 142 3
265 146 265
265 265 43
142 142 119
104 3 142
119 142 142
5 5 3
3 309 54
265 3 43
3 146 168
3 3 43
142 142 104
5 197 192
175 142 175
3 43 3
102 168 265
265 104 142
265 142 175
3 175 142
104 142 265
175 3 142
168 3 146
3 142 104
19 19 19
43 265 265
3 5 5
192 192 192
43 3 168
3 104 265
146 142 265
142 3 146
43 168 43
146 146 3
142 3 175
142 175 146
142 146 146
142 265 104
54 3 309
142 175 175
104 265 142
146 3 146
146 265 146
3 43 265
3 146 142
104 3 175
146 175 142
104 3 265
175 142 146
265 43 43
3 175 3
5 3 5
146 146 142
54 240 54
104 142 175
142 175 3
265 175 142
3 265 104
168 102 265
91 5 5
104 265 3
265 146 146
175 142 3
146 142 175
104 3 104
5 5 6
175 175 3
265 3 104
175 146 142
3 3 6
168 168 340
142 265 119
3 5 3
3 104 175
3 6 91
146 168 146
3 175 104
142 175 265
5 3 3
119 265 142
119 142 265
175 104 3
240 54 54
309 3 309
175 142 104
168 340 168
175 3 3
175 175 265
142 119 265
175 119 265
168 3 78
142 119 146
91 3 5
175 265 142
142 265 175
6 5 5
102 265 168
5 6 5
142 175 119
265 119 142
104 175 142
142 146 104
146 142 119
119 3 142
3 3 5
104 142 146
3 104 104
142 175 104
6 91 5
3 54 3
175 104 142
168 168 78
146 146 265
78 168 168
265 142 104
54 54 240
78 265 168
265 104 265
146 146 146
265 265 104
3 78 168
5 91 3
43 43 265
3 265 175
146 265 104
175 175 104
265 102 265
168 78 168
175 3 104
104 175 3
146 175 175
146 104 142
265 175 175
102 265 265
142 104 265
43 43 3
3 146 104
5 6 3
3 146 146
3 168 4
175 3 175
175 142 119
78 78 142
78 142 78
142 78 102
78 13 13
4 78 13
78 102 78
102 78 78
13 4 78
13 13 78
13 78 13
240 240 13
240 13 4
78 78 78
102 102 102
78 146 78
13 13 4
146 78 78
142 78 146
240 240 240
142 142 78
85 195 85
142 78 78
78 142 142
265 265 240
192 6 125
142 78 142
265 240 240
13 265 265
13 78 78
78 13 265
197 192 3
102 13 78
78 102 13
195 85 195
102 309 102
4 240 240
309 102 27
102 142 78
78 102 142
102 102 309
195 5 197
142 102 142
13 240 240
5 102 102
6 125 125
195 78 78
192 6 5
142 142 102
5 192 6
78 78 102
102 27 85
102 142 142
309 102 102
102 195 78
78 102 195
6 78 78
192 3 3
197 192 6
192 3 5
240 4 240
142 265 102
102 102 5
10 102 102
13 4 265
78 240 240
142 102 78
78 142 102
240 240 4
125 125 91
102 78 142
27 85 195
102 102 6
6 125 3
240 13 240
13 4 4
4 265 265
4 13 240
78 102 6
125 91 5
102 6 78
102 27 102
6 5 197
6 91 195
91 5 3
221 221 221
102 102 27
142 6 142
78 6 142
27 5 102
102 265 142
91 195 5
102 5 102
85 85 195
309 102 309
6 142 78
4 4 4
5 102 309
240 4 4
78 78 146
4 4 240
13 4 240
146 142 78
195 85 85
4 13 4
78 146 142
78 78 6
146 78 142
4 4 78
142 142 6
240 78 4
142 146 78
4 4 13
3 6 5
5 5 192
240 4 78
4 78 240
142 6 78
78 142 6
4 240 4
102 6 27
78 13 240
125 3 6
13 102 5
3 195 5
13 4 13
27 102 102
78 142 146
240 78 240
102 309 5
309 5 102
13 240 13
78 4 240
13 240 4
4 78 4
5 3 192
6 142 142
102 309 309
5 309 102
142 78 6
309 309 102
140 91 6
102 142 102
5 3 6
33 5 192
5 192 192
125 125 268
13 13 240
13 78 240
85 195 196
5 140 197
240 240 78
6 27 5
240 4 13
91 3 6
102 27 309
265 10 102
6 78 142
78 6 78
265 240 4
102 102 85
125 268 5
3 91 5
140 197 192
6 125 195
4 240 13
196 196 102
102 309 27
6 125 5
102 102 142
240 13 13
197 192 140
3 3 195
27 309 102
78 4 78
78 195 78
142 102 265
102 27 5
192 140 91
265 265 102
102 142 265
221 3 3
27 221 3
91 91 5
174 27 221
3 3 221
3 3 91
140 27 174
102 6 102
6 5 3
13 240 78
91 91 91
45 45 45
27 174 27
78 240 78
78 240 4
142 78 195
13 13 13
78 102 102
268 5 197
309 102 85
102 6 142
174 6 199
125 195 5
3 221 27
175 195 175
196 196 265
5 13 102
102 221 221
142 4 142
6 199 201
196 102 221
201 13 102
102 5 309
27 174 6
6 91 91
199 201 13
102 5 13
221 27 174
5 6 125
102 13 102
5 5 102
102 78 102
195 175 175
13 102 13
102 78 146
91 5 192
78 78 240
78 13 78
221 221 102
196 265 10
175 175 195
3 192 6
265 102 102
102 102 195
5 91 5
91 6 196
6 102 142
78 78 195
240 78 13
195 5 3
240 13 78
102 85 102
195 3 3
78 78 168
265 240 78
78 4 4
4 142 3
195 196 196
102 142 146
6 142 102
102 102 78
102 5 140
85 309 102
142 102 102
6 102 102
102 5 5
240 78 78
78 4 13
265 102 142
168 78 78
4 240 78
3 6 125
91 5 91
6 5 192
85 195 102
265 142 102
265 265 4
4 13 78
265 168 102
78 195 142
5 102 27
142 195 78
78 240 13
6 196 196
27 102 309
5 102 5
13 78 4
102 85 85
309 27 102
78 168 3
196 102 102
85 102 102
309 5 309
195 102 102
33 5 140
175 5 175
5 140 27
5 5 91
85 102 309
4 13 13
6 5 6
6 125 91
7 7 7
125 91 3
6 78 6
78 142 195
3 5 192
221 102 142
4 78 78
175 175 5
5 192 125
102 142 4
102 142 6
78 146 102
85 85 102
265 265 13
4 265 240
33 5 197
240 13 265
5 33 5
43 265 43
91 6 5
102 195 85
142 142 195
3 5 91
195 78 142
102 102 265
192 33 5
192 125 125
195 142 78
5 3 91
240 240 265
5 192 5
102 309 195
27 102 5
5 10 102
102 146 78
27 85 102
265 13 4
265 240 13
5 6 33
102 265 102
10 102 309
102 309 85
258 311 240
102 195 102
240 265 240
78 6 102
5 195 175
142 6 6
311 240 240
146 102 142
78 13 4
125 5 3
102 10 102
265 102 309
142 195 142
142 102 146
6 309 102
85 102 27
5 192 3
27 102 27
78 142 13
3 78 78
309 102 5
6 142 146
265 4 240
27 7 7
142 146 102
6 5 33
104 265 265
192 5 3
27 10 102
13 265 240
85 195 10
102 146 142
5 197 3
195 309 102
102 27 27
91 5 197
125 125 258
102 102 10
102 85 195
85 265 102
197 5 5
102 85 265
195 175 5
3 192 192
197 3 3
78 3 78
91 33 5
85 196 102
175 195 195
125 258 311
195 175 195
3 6 195
196 265 102
195 142 142
175 5 195
7 7 102
309 5 5
240 4 265
146 78 102
168 168 195
195 196 102
168 78 3
13 102 102
3 142 4
78 168 78
6 142 6
6 78 102
6 3 6
192 5 6
3 168 78
6 91 3
309 309 5
125 3 91
195 195 175
240 240 174
5 6 6
85 85 196
265 78 240
309 85 85
6 6 142
10 309 102
192 5 192
91 13 196
91 3 3
4 265 4
265 13 240
265 4 13
13 142 78
78 102 146
195 195 195
33 5 221
104 104 142
142 102 6
5 221 140
142 13 78
142 13 142
27 309 309
6 78 146
6 6 78
91 195 3
10 102 5
91 5 6
309 85 102
146 146 168
265 265 78
102 174 174
43 3 43
5 192 91
265 4 4
78 78 13
102 85 10
4 4 265
168 146 146
78 3 168
6 91 13
240 174 174
85 10 102
85 195 309
240 78 265
78 6 6
195 197 3
91 91 3
27 5 309
78 78 3
78 78 4
27 85 265
5 309 309
146 78 146
5 309 27
102 85 196
146 104 265
13 142 142
102 27 7
192 5 5
5 309 5
142 91 91
6 5 91
4 168 168
78 265 240
102 196 102
146 142 102
309 10 102
309 195 5
5 6 91
102 309 196
199 195 5
120 6 102
102 120 102
196 309 102
85 195 195
6 33 3
6 197 5
142 102 13
6 6 91
125 195 3
174 122 91
195 27 85
221 140 27
3 91 91
6 3 3
6 195 5
3 78 3
6 192 192
6 102 6
102 7 7
6 6 102
125 5 192
195 265 102
3 5 6
192 192 125
3 6 6
309 102 10
174 174 122
5 5 197
192 6 192
192 3 91
168 4 168
85 85 85
125 3 3
125 3 5
102 102 146
192 192 5
33 192 33
5 5 125
85 102 5
33 192 6
27 27 5
175 6 3
168 240 168
6 6 6
85 102 85
13 78 142
168 195 168
3 265 102
195 102 309
102 102 196
5 27 102
5 91 6
197 3 6
142 6 102
91 5 140
3 5 197
102 5 10
91 199 195
265 5 102
195 85 102
175 54 175
104 104 3
3 3 78
5 3 195
196 102 85
3 192 5
78 195 102
6 91 199
120 102 102
195 78 102
195 5 102
221 102 6
195 5 5
102 27 10
57 175 54
309 309 85
309 102 195
102 10 309
102 195 5
309 27 10
174 174 57
85 5 309
102 265 3
45 33 192
5 309 85
13 240 265
5 125 3
175 174 174
102 5 6
309 5 195
192 192 243
54 175 6
146 102 78
192 6 91
146 78 6
192 91 91
195 146 78
6 142 4
340 168 168
6 3 5
45 45 175
85 5 102
175 191 122
146 6 142
265 13 13
142 78 13
309 195 196
5 91 91
6 27 102
5 85 195
27 309 5
27 6 102
195 102 27
91 91 4
197 192 33
142 3 196
3 6 174
78 146 6
78 13 142
174 11 45
3 196 196
3 6 3
192 91 3
240 265 13
27 27 309
13 196 5
174 57 175
174 175 191
195 195 5
13 265 4
4 265 13
5 195 195
197 5 3
10 27 102
195 265 5
5 195 5
195 5 195
3 3 13
192 3 6
3 13 199
13 199 5
3 13 102
13 102 6
199 5 140
4 4 3
4 3 4
3 4 4
265 119 265
3 265 119
5 5 195
102 102 13
142 4 4
91 102 102
119 265 265
5 6 265
174 27 6
265 43 195
3 3 102
104 175 175
119 265 54
6 91 102
265 142 119
27 6 199
4 13 102
102 6 3
168 265 5
102 5 197
6 5 140
265 4 78
125 91 258
265 5 6
102 6 5
91 258 311
142 3 13
43 195 340
175 265 3
174 174 175
199 197 3
191 122 268
340 340 3
5 197 199
197 199 197
265 78 13
195 340 340
340 3 265
6 91 6
6 33 192
243 125 125
3 91 3
201 5 13
104 3 192
4 3 3
3 102 5
265 54 265
199 201 5
192 243 125
102 3 3
91 6 142
6 265 168
3 175 265
45 5 197
240 265 4
45 45 5
122 268 45
11 45 33
268 45 45
3 142 119
104 265 104
168 54 102
6 33 6
197 197 192
102 5 3
142 13 102
5 197 197
265 3 175
91 6 6
4 13 265
13 13 265
197 192 4
63 63 63
6 3 13
54 265 265
33 6 33
13 265 13
3 192 3
340 168 265
6 91 240
4 240 265
13 102 142
201 206 5
54 102 6
6 3 192
13 102 91
192 6 3
13 5 197
78 240 265
192 3 140
104 142 104
3 3 199
140 3 6
102 102 3
4 265 78
3 140 3
91 142 142
240 5 3
6 168 265
146 104 3
192 192 33
192 4 6
63 63 6
78 146 146
4 6 91
102 3 5
91 3 104
125 5 5
102 91 91
192 3 195
201 13 5
175 91 265
5 142 4
6 192 6
6 6 66
78 4 265
91 240 5
33 192 192
13 5 5
6 265 5
91 6 91
265 175 3
146 3 104
265 54 146
199 199 5
3 102 102
265 265 175
175 104 265
6 5 221
192 3 240
54 146 265
6 265 6
5 197 6
5 197 5
3 199 199
5 195 206
265 6 265
6 66 63
240 5 197
6 265 265
142 104 175
104 265 175
3 192 142
5 221 220
3 240 5
199 199 199
6 6 5
102 6 33
206 5 6
5 6 168
168 5 6
6 174 174
5 6 192
5 192 33
174 174 11
78 265 4
78 265 13
197 192 5
175 3 265
265 13 78
6 192 5
192 192 197
6 192 125
265 104 104
142 4 3
192 142 265
175 175 91
3 91 142
199 5 197
102 102 91
195 206 60
195 340 168
265 78 4
192 6 6
5 125 125
197 5 192
33 5 195
125 125 5
140 78 78
78 78 140
78 140 78
78 265 78
240 265 78
78 78 265
146 163 146
78 78 196
265 240 265
140 3 78
163 146 163
78 140 3
78 78 125
196 78 78
78 196 78
219 219 219
125 78 78
265 78 265
240 265 265
265 78 78
78 3 3
140 78 3
78 78 5
3 78 140
195 195 78
78 125 78
78 78 192
78 195 195
3 140 78
5 78 78
140 78 140
78 3 140
192 78 78
140 140 78
78 265 265
196 78 196
78 192 78
78 195 140
78 140 140
78 196 196
195 140 78
240 102 102
78 5 78
3 195 3
196 196 78
140 3 140
195 78 195
195 3 78
195 196 78
78 195 196
195 195 196
78 195 3
78 78 120
78 3 195
102 102 240
102 240 102
78 5 5
78 125 240
43 43 43
140 78 195
78 3 5
3 78 195
196 195 195
192 192 78
195 196 195
195 3 195
240 140 78
3 43 43
6 5 78
33 195 195
78 125 3
125 3 78
78 120 240
163 146 146
120 78 78
5 3 78
146 146 163
3 197 3
3 125 78
78 192 125
78 192 240
5 195 3
125 78 3
125 125 78
196 196 196
3 78 102
119 142 3
195 340 3
265 265 340
3 195 195
142 104 104
265 340 265
146 175 3
196 78 195
175 104 175
195 3 6
192 125 78
78 6 195
78 33 33
78 5 3
104 104 265
33 33 195
242 78 78
104 3 146
125 240 78
195 3 265
197 3 5
142 146 175
192 5 91
3 104 146
168 340 3
140 78 102
125 192 125
142 104 146
163 163 146
5 197 91
195 140 140
3 195 78
102 140 78
240 125 78
4 102 102
265 3 195
33 78 78
78 240 140
3 6 78
120 240 78
19 3 3
3 3 19
3 19 3
3 19 19
19 19 3
19 3 19
3 3 33
146 142 104
175 175 146
175 119 142
3 33 3
33 3 3
104 265 146
265 175 146
102 168 102
146 265 175
195 195 3
142 119 3
175 146 265
3 265 78
104 146 3
168 265 340
265 104 146
175 265 175
146 3 175
175 146 175
265 78 3
104 146 265
195 5 6
5 6 195
175 3 146
3 119 142
168 265 195
265 3 78
195 195 6
265 168 340
3 33 4
3 168 195
78 168 265
340 168 3
265 168 78
265 78 168
142 3 119
265 146 175
3 3 4
168 340 265
168 265 78
168 102 102
265 340 168
301 301 301
102 102 168
220 301 301
301 301 220
33 33 33
301 220 301
221 301 301
301 301 300
301 301 221
301 221 301
301 301 6
301 300 301
196 33 33
300 301 301
195 195 33
195 33 33
168 102 192
168 102 45
6 301 301
301 6 301
33 33 13
33 195 33
168 168 4
295 301 301
7 142 142
78 102 168
91 5 195
102 168 45
196 196 33
3 197 5
301 301 295
142 7 142
142 142 7
91 3 91
33 13 33
301 295 301
168 168 91
78 168 102
33 195 196
168 168 192
13 33 33
168 102 91
195 33 13
33 13 13
19 168 168
102 192 168
197 91 5
196 91 91
168 3 340
33 33 196
265 195 168
340 265 168
5 196 5
195 196 5
192 168 102
301 300 220
102 168 91
265 175 265
6 6 3
168 19 168
33 196 195
3 3 45
168 195 340
3 91 6
3 4 168
195 33 195
196 196 91
265 19 168
13 33 195
3 45 3
220 220 301
301 220 220
168 3 195
13 195 195
142 7 7
168 168 45
196 196 195
7 7 142
6 3 91
195 5 91
104 13 5
5 5 196
265 146 104
5 195 196
168 168 19
5 195 91
78 104 13
168 3 4
195 91 195
33 196 196
195 196 33
3 78 265
104 146 142
13 168 102
104 175 104
195 91 5
45 3 3
192 168 168
192 102 102
78 195 104
5 91 196
168 102 163
196 195 33
196 5 91
195 220 220
13 13 33
91 13 13
196 33 195
168 102 221
7 142 7
195 195 220
265 195 340
60 102 168
220 6 195
54 142 142
195 168 168
91 168 168
91 6 3
91 102 168
168 104 91
197 5 91
146 104 104
265 4 168
168 78 104
3 340 168
102 91 6
3 265 19
300 220 301
91 195 195
142 142 54
168 192 168
340 265 265
6 195 195
195 33 196
168 102 6
197 301 301
5 6 197
3 6 197
102 91 45
221 102 168
104 174 175
91 195 91
6 197 3
221 102 102
19 168 3
104 168 102
175 265 265
168 195 265
19 265 168
102 221 102
168 45 192
196 91 5
45 168 102
265 104 175
5 168 102
301 6 220
91 91 6
5 5 140
91 91 195
45 45 192
197 6 5
195 3 168
192 91 5
4 3 168
195 91 91
4 168 3
78 78 104
91 196 91
5 195 197
265 168 195
91 6 195
3 197 6
13 33 13
6 5 195
54 265 146
220 221 301
196 5 140
162 6 3
168 168 162
3 3 192
3 3 197
104 175 265
196 13 33
168 4 3
33 13 196
195 168 265
13 102 168
168 91 163
5 91 195
91 192 5
3 168 340
197 3 197
163 168 168
102 102 192
340 3 168
13 13 195
3 5 195
195 265 168
168 102 5
45 192 163
162 5 3
142 54 142
180 180 180
3 4 3
240 240 196
240 196 78
196 78 265
1 1 1
195 5 221
140 140 6
197 5 197
221 197 192
3 140 140
240 196 240
42 120 6
192 3 197
102 78 168
3 45 45
42 221 221
5 221 197
221 6 221
252 252 252
6 6 195
33 195 5
6 6 168
45 45 3
168 42 221
3 168 102
102 6 6
140 3 3
175 120 175
4 140 4
308 3 4
5 54 140
168 3 102
120 6 3
168 102 78
4 168 42
4 4 7
221 221 168
140 4 140
196 240 240
5 221 6
6 168 4
4 7 308
7 308 3
3 6 33
54 140 3
6 192 243
3 102 168
6 221 63
140 6 195
102 3 168
192 125 192
175 175 120
195 5 54
196 240 78
120 175 175
6 195 3
175 174 175
45 3 45
6 33 195
45 3 6
197 192 125
265 221 221
195 6 195
4 175 175
221 221 265
45 45 91
221 265 265
120 6 6
6 63 6
102 168 54
102 168 3
5 220 5
5 221 221
168 240 3
125 192 6
45 195 195
6 11 45
175 4 175
221 63 6
221 142 4
140 140 3
221 221 142
33 33 3
3 33 33
78 240 196
102 6 265
3 3 140
6 265 78
33 33 5
175 175 45
140 6 3
240 3 240
3 240 240
11 11 11
140 140 140
220 6 5
6 91 33
3 175 4
45 91 195
54 140 197
180 125 180
5 220 220
197 140 3
45 175 175
91 45 45
125 91 45
6 45 45
4 221 221
195 195 140
195 3 140
195 120 114
142 4 221
5 5 220
3 102 3
240 265 221
3 176 162
63 6 63
176 162 3
78 168 146
220 5 220
6 195 6
240 240 102
120 114 120
120 114 63
220 5 5
125 180 125
220 220 6
162 3 176
195 3 45
220 195 195
221 168 3
102 3 265
195 6 6
220 220 220
63 6 221
91 5 221
102 6 195
221 221 33
3 6 45
78 265 102
174 175 162
197 197 197
5 63 6
195 13 195
78 180 180
63 6 11
91 33 33
13 175 174
240 102 168
162 195 13
91 195 102
195 195 120
195 195 4
45 6 5
195 195 13
175 45 45
195 13 175
175 45 175
114 120 114
175 162 195
192 4 4
168 7 3
114 42 120
265 265 140
196 78 240
192 6 45
4 168 4
33 3 33
3 45 6
7 175 175
140 197 221
3 6 114
195 6 91
140 4 265
6 221 6
78 5 197
175 7 175
196 195 196
6 3 45
192 140 3
265 140 4
158 158 158
4 4 168
174 174 3
220 220 5
6 3 195
6 5 220
140 3 221
265 256 265
63 6 5
6 91 38
3 6 54
4 4 6
221 221 197
114 63 6
175 175 42
120 114 195
221 168 102
7 175 7
180 180 78
3 168 7
4 168 102
168 102 4
6 33 33
175 175 174
175 7 119
6 221 221
54 140 54
102 168 240
265 309 265
256 265 265
221 33 197
6 42 120
33 197 140
3 5 221
240 240 180
6 221 3
140 54 140
180 240 240
4 4 140
240 180 180
6 91 4
180 180 240
78 175 175
6 102 221
265 265 256
331 4 265
120 3 3
240 240 6
6 5 63
118 6 5
7 3 168
195 220 195
5 175 175
195 4 4
140 3 197
102 102 4
6 175 174
265 265 221
196 195 5
7 3 3
5 195 6
4 78 265
6 168 168
197 33 197
175 5 221
5 197 220
5 118 6
54 140 221
195 201 202
168 168 42
54 3 3
175 175 4
175 175 7
192 5 197
220 221 221
221 221 4
42 120 3
5 33 33
7 174 174
168 102 3
199 200 33
202 199 200
201 202 199
45 45 64
4 195 195
240 78 219
6 240 240
6 45 195
3 3 7
102 4 168
6 91 192
240 240 168
174 175 175
6 221 174
174 45 45
174 174 195
3 195 6
195 197 195
175 42 120
118 6 91
168 78 102
5 45 45
195 45 3
5 4 4
221 221 220
140 140 195
120 6 221
120 175 3
125 192 192
221 221 63
7 119 174
195 6 5
6 54 140
195 195 45
168 3 6
140 3 195
140 221 221
4 4 118
63 120 114
42 42 120
5 120 114
4 5 197
221 221 199
33 5 33
45 45 195
195 3 5
3 4 6
4 118 6
45 3 140
33 33 6
120 114 5
3 6 7
11 11 45
196 196 3
201 45 45
180 180 125
78 265 3
4 63 6
221 220 6
102 102 221
125 91 20
197 195 195
33 5 5
142 7 3
3 197 33
122 45 45
195 195 201
140 195 195
120 175 174
221 174 174
174 201 45
91 20 174
174 174 7
20 174 201
6 120 114
5 141 141
91 195 6
221 199 102
33 33 192
221 221 120
221 3 221
195 5 220
7 3 4
3 4 265
199 102 6
6 5 4
5 220 221
3 120 6
33 197 221
5 3 45
265 4 265
141 141 6
119 174 175
221 220 220
197 45 3
3 6 42
197 6 6
78 4 5
102 168 4
6 91 197
91 38 5
125 180 180
38 5 118
140 3 265
45 6 91
45 140 140
195 4 195
195 195 197
6 140 140
42 54 140
3 7 175
1 1 252
221 120 6
114 5 120
221 140 197
200 33 195
3 45 195
120 6 120
265 140 3
221 221 42
3 78 142
195 5 141
142 78 3
174 6 6
5 5 4
120 120 114
252 1 1
168 119 168
120 175 7
168 42 168
140 4 6
174 7 174
174 7 175
168 4 4
174 174 221
3 175 5
240 240 5
6 91 45
3 6 175
6 4 168
140 6 91
195 195 54
160 159 120
120 114 4
3 45 140
102 265 309
4 4 5
6 6 192
3 42 120
265 168 4
3 4 140
120 6 174
78 196 240
196 3 196
91 78 4
195 6 3
102 240 240
102 3 102
175 174 7
102 4 4
45 168 146
195 195 91
195 174 174
175 42 175
4 5 5
45 45 4
19 196 196
174 221 221
120 3 6
3 7 7
197 3 45
45 64 195
191 122 45
265 221 265
195 42 120
6 197 6
6 4 4
64 195 195
119 168 119
174 175 174
42 120 175
221 221 11
6 6 33
4 5 221
195 5 192
6 120 6
3 3 54
33 3 6
180 180 45
221 240 240
3 140 6
114 195 120
192 3 45
197 197 85
180 125 125
5 5 33
33 33 4
175 4 142
240 78 196
240 242 78
6 91 201
114 195 195
5 5 45
240 265 102
242 78 240
45 91 6
192 45 45
221 11 45
221 221 240
174 27 174
13 195 4
125 125 180
45 180 180
195 5 4
140 195 3
45 3 195
3 4 175
180 45 180
221 221 6
240 240 242
5 4 5
3 6 4
191 122 174
6 221 197
6 114 42
221 63 195
240 240 33
4 140 140
3 45 5
1 252 252
252 252 1
120 6 7
175 174 6
5 3 33
5 220 195
180 78 180
54 54 175
3 6 102
85 196 196
33 5 6
142 4 6
102 4 3
3 54 140
45 45 6
3 6 140
63 6 6
197 221 3
33 33 78
196 19 196
63 6 195
175 54 54
172 172 172
240 78 242
221 42 221
196 196 85
7 7 119
168 168 240
78 242 240
6 175 175
221 140 4
195 3 175
175 3 4
45 175 5
195 192 6
221 221 201
114 5 221
4 6 4
6 5 54
221 63 120
196 85 196
197 192 197
192 195 5
3 4 13
120 114 114
174 3 6
192 6 195
242 240 240
125 125 192
168 146 45
3 197 45
195 5 140
5 221 141
221 102 78
120 6 114
3 221 3
174 6 3
221 168 168
63 6 3
33 78 33
6 78 5
45 5 5
240 240 3
45 175 45
168 4 265
240 221 221
63 195 195
4 13 142
45 195 5
196 196 19
5 42 120
197 221 221
195 220 6
4 4 195
5 197 4
175 195 3
240 168 102
331 265 265
197 85 85
240 168 240
4 331 4
114 63 120
6 11 11
5 175 5
78 102 221
195 42 54
195 195 192
42 175 175
175 3 7
33 195 201
6 6 63
78 78 33
199 102 102
91 192 195
6 3 140
7 7 175
221 201 102
122 174 45
168 5 197
3 3 120
174 6 5
221 33 33
195 120 6
192 195 6
5 5 221
175 120 3
63 221 6
265 168 54
4 13 195
6 6 175
195 120 175
125 125 45
195 78 175
265 3 102
33 6 6
174 174 54
5 197 45
45 221 221
197 221 143
221 168 240
7 42 120
192 197 140
140 3 45
3 102 265
3 221 221
5 54 54
3 120 114
197 6 91
3 7 3
240 168 3
220 5 197
6 6 4
6 5 41
308 308 3
45 192 5
5 41 41
102 255 255
141 6 195
6 45 3
102 6 240
6 195 42
175 140 120
221 63 221
6 63 63
195 5 45
6 42 42
6 331 4
195 140 195
4 5 220
309 265 3
180 78 78
331 120 6
220 5 195
6 6 197
63 6 120
3 175 120
174 142 142
6 142 7
221 265 140
4 120 6
240 6 240
4 265 168
195 240 240
6 195 91
120 114 42
240 5 5
195 195 174
142 78 175
196 3 3
175 175 78
140 120 175
45 91 5
54 197 192
197 195 5
102 168 78
221 3 195
3 140 195
240 3 6
197 220 5
140 4 221
5 221 45
91 4 4
175 78 142
196 5 3
240 240 195
168 4 240
221 63 4
13 195 174
175 54 140
6 142 3
309 265 102
45 45 199
140 197 3
175 174 142
7 308 308
240 33 195
196 195 85
78 168 5
174 174 5
120 175 120
78 3 265
175 5 4
6 195 197
192 6 78
6 201 199
38 6 6
197 140 4
5 3 4
255 255 255
78 33 195
221 221 66
6 54 3
4 197 140
33 125 125
159 120 140
33 192 125
3 4 5
6 91 196
6 195 201
168 240 240
140 4 197
195 195 42
5 197 78
1 252 1
6 6 54
195 54 3
125 33 33
3 120 3
6 78 265
11 45 221
168 6 6
168 6 4
4 4 91
5 221 142
102 3 78
240 78 180
6 114 120
120 7 175
5 140 140
91 174 174
5 197 195
255 256 265
175 175 140
197 5 220
63 4 63
197 220 195
120 3 120
3 6 192
174 195 195
240 168 168
63 6 4
45 45 78
4 3 5
221 197 3
4 331 265
6 114 114
4 197 192
311 78 240
125 91 174
54 175 175
195 140 3
6 168 146
175 195 120
255 255 256
221 143 3
4 63 221
195 197 6
6 45 6
120 6 195
142 4 174
221 4 168
197 3 195
5 175 195
6 6 331
220 4 5
5 221 78
6 6 45
221 78 5
6 3 120
66 6 6
3 3 196
155 157 266
12 174 174
54 45 45
140 6 45
140 120 6
78 3 175
54 6 5
3 19 196
45 33 33
6 196 195
122 54 45
6 6 114
4 265 221
54 54 6
192 140 4
45 4 4
78 78 219
140 42 120
240 4 168
3 5 54
97 12 174
5 4 197
3 175 54
174 3 195
201 102 168
6 9 195
5 54 3
221 66 6
6 3 4
45 45 174
4 120 3
5 6 9
140 140 42
60 97 12
195 42 221
140 4 4
196 3 19
6 91 78
41 60 97
33 4 33
91 91 78
6 195 196
38 118 6
78 5 6
5 195 220
221 141 141
197 78 5
197 192 195
3 3 331
142 142 4
3 6 196
175 120 7
6 6 221
5 5 54
45 45 13
102 7 3
45 45 168
6 114 195
142 3 195
45 195 3
140 6 140
4 102 168
102 4 240
201 195 195
240 78 168
91 197 197
41 41 60
4 3 120
91 45 5
4 42 120
5 45 3
3 102 240
4 140 3
9 195 10
6 91 174
175 7 7
5 54 5
192 195 195
6 197 192
78 240 219
3 196 3
7 119 6
266 160 159
265 331 4
118 6 38
195 6 125
255 255 265
174 3 78
174 174 45
168 78 195
120 3 7
265 265 309
197 220 220
4 102 4
45 64 78
19 196 3
175 307 175
6 13 195
191 122 54
45 6 195
157 266 160
195 85 78
54 175 174
3 168 6
54 54 5
3 6 13
33 6 125
120 3 114
91 78 78
4 142 195
197 6 174
221 4 63
168 54 265
221 221 195
220 195 220
78 5 196
63 6 42
5 140 3
33 196 5
3 6 168
91 192 91
3 6 120
91 196 196
7 120 6
3 195 42
42 168 3
42 168 168
114 114 42
91 78 180
45 5 3
192 91 6
6 54 54
220 5 4
13 142 4
140 33 33
3 7 308
4 195 42
174 174 6
3 114 120
78 5 221
180 180 192
4 118 195
221 174 11
265 265 33
33 6 192
91 91 192
3 102 7
45 175 195
114 120 120
4 7 3
197 5 6
6 78 4
240 168 42
120 6 42
175 175 307
195 45 45
5 4 6
240 240 221
3 331 4
45 140 3
102 240 168
192 192 3
119 6 175
160 159 159
6 114 5
197 3 4
195 3 197
118 195 38
195 195 240
195 201 120
221 221 175
114 114 5
6 7 142
3 6 142
45 78 5
175 11 45
5 3 140
3 4 120
331 4 4
91 38 118
45 174 174
91 6 102
4 33 33
174 175 11
221 195 5
240 195 240
33 197 33
195 4 63
221 4 195
221 63 63
201 199 202
196 85 195
221 4 4
33 6 5
5 220 6
199 201 200
197 160 159
6 192 91
168 3 240
221 6 6
221 197 160
309 265 265
120 5 120
3 195 140
195 196 40
114 195 5
7 3 120
141 6 5
195 38 38
4 6 5
5 45 5
340 340 340
240 265 168
114 4 4
102 4 102
6 3 33
192 33 192
6 13 78
195 141 6
6 5 118
6 45 5
6 125 6
265 240 221
168 4 102
220 196 196
91 195 197
195 33 5
27 221 140
3 5 33
195 5 125
146 45 45
6 195 45
195 102 168
195 220 5
240 3 78
4 221 27
195 10 195
197 197 140
195 201 5
5 192 195
6 195 140
120 140 3
201 5 221
4 6 6
4 6 3
140 140 4
197 78 265
5 141 195
3 4 33
5 197 221
3 3 42
265 265 19
140 221 197
3 102 4
221 142 3
195 45 195
10 221 221
42 120 114
221 221 3
174 54 54
6 13 85
6 4 63
6 168 102
221 6 45
5 220 197
192 125 5
4 174 3
54 5 5
192 33 6
4 308 3
6 78 168
54 195 196
142 3 4
220 220 4
10 221 6
5 54 6
91 140 3
45 192 45
33 33 125
78 240 33
5 33 3
220 6 220
265 6 6
196 196 220
142 3 221
102 13 13
3 33 195
3 33 196
125 3 45
85 195 5
221 5 3
201 54 195
201 200 202
45 175 3
195 192 3
114 120 6
197 45 45
6 195 120
4 175 54
5 220 4
197 6 3
10 195 5
197 140 197
45 6 6
3 125 125
78 33 78
11 33 5
265 4 6
13 85 195
240 78 33
63 221 4
6 7 91
3 3 174
120 114 3
195 192 195
33 5 125
102 168 7
6 6 11
307 175 175
102 102 33
199 202 200
6 78 195
4 168 6
209 211 5
221 6 63
45 54 140
175 221 221
240 6 78
252 1 252
220 195 5
195 54 140
33 4 4
6 5 45
174 174 13
120 3 175
4 265 331
175 5 45
195 201 195
207 94 6
5 4 220
220 6 63
192 192 45
195 197 5
200 202 5
5 33 6
201 102 102
3 3 163
6 268 5
3 125 3
85 196 195
78 78 180
195 11 45
3 195 45
54 54 195
140 3 4
33 33 140
4 4 194
6 7 42
6 6 125
6 6 120
308 3 7
196 91 6
3 4 7
6 195 192
91 6 78
6 4 3
6 220 5
175 195 5
196 19 3
125 45 45
33 6 3
125 6 6
221 265 240
192 180 180
201 120 114
240 33 196
175 175 6
45 199 201
175 5 54
174 174 42
143 3 195
91 6 268
4 45 45
4 146 168
221 197 174
33 78 4
211 5 5
91 33 195
142 6 7
6 91 85
4 4 102
240 240 140
114 120 3
4 194 118
174 3 5
194 118 6
45 5 45
141 195 141
4 220 5
33 3 192
5 4 118
195 196 85
42 160 159
38 38 6
4 120 114
141 6 33
292 3 265
168 6 168
168 102 240
140 140 197
6 4 331
196 196 5
240 240 197
114 4 3
5 4 175
91 201 54
140 197 140
195 54 195
4 5 54
159 120 168
3 33 5
78 195 5
175 5 63
7 175 120
114 120 5
19 196 19
140 45 3
3 255 255
195 195 11
254 42 221
5 221 5
141 195 5
78 78 91
6 7 3
265 221 240
140 4 148
197 197 6
6 10 221
91 195 33
183 5 221
45 254 42
91 45 195
19 3 196
64 78 45
6 38 4
10 10 10
45 13 33
6 120 3
4 91 91
4 33 5
91 168 146
6 91 10
78 45 45
4 6 142
240 240 219
38 5 38
196 196 38
91 6 10
125 91 91
33 4 3
220 197 5
197 192 91
6 192 33
33 91 33
195 91 78
102 102 255
221 168 4
3 163 3
3 265 221
54 174 174
221 255 255
4 3 7
256 265 102
221 240 221
221 221 255
221 221 140
91 199 102
6 7 174
265 102 255
240 6 6
5 5 141
78 5 207
174 197 192
19 19 196
175 6 6
3 197 140
140 195 5
3 196 19
174 42 42
33 199 195
240 6 13
196 78 5
255 265 6
5 120 6
5 195 4
102 6 4
3 175 195
91 4 6
5 221 195
33 195 3
6 3 114
195 195 168
146 45 168
197 192 45
4 240 168
3 240 168
6 175 5
45 45 254
6 33 125
54 195 195
91 174 33
5 207 94
3 33 6
256 265 3
4 168 221
265 102 3
240 221 265
125 45 195
221 45 141
168 196 33
78 4 33
63 221 221
168 240 4
5 4 265
4 168 240
78 196 195
6 6 42
120 120 6
240 5 221
195 331 120
196 195 3
4 4 192
6 3 142
91 6 54
240 33 33
3 221 6
3 195 197
3 195 192
5 38 5
196 5 195
195 125 3
6 4 6
45 64 183
4 142 4
5 195 192
4 4 45
5 45 91
197 192 78
6 5 125
91 192 3
54 197 3
3 6 240
54 140 5
265 4 331
4 6 13
91 6 201
4 195 5
102 265 78
7 3 195
6 45 54
102 6 168
5 221 175
140 197 63
10 38 10
175 6 175
7 175 3
4 4 331
265 3 255
197 54 192
3 195 120
5 4 120
5 196 195
78 102 4
125 102 102
5 6 220
3 120 175
6 192 3
240 6 10
240 78 5
197 221 78
11 33 192
195 195 125
4 6 265
3 120 7
5 6 45
180 192 180
196 6 91
40 195 195
168 168 6
120 168 240
174 5 221
195 174 197
3 3 10
91 201 195
91 6 199
5 45 6
195 192 125
221 42 54
6 175 7
91 192 45
45 168 168
78 4 91
114 114 120
3 7 120
5 4 195
255 5 3
192 91 195
78 195 4
60 5 60
6 3 197
3 3 122
174 3 42
195 120 3
196 38 6
265 102 6
6 3 7
220 6 197
3 5 4
42 168 102
19 221 221
195 196 240
6 13 30
221 4 142
3 45 175
174 168 102
3 221 195
140 4 269
220 4 4
119 3 6
195 196 10
120 120 3
221 5 5
120 195 120
78 221 221
5 221 93
6 102 168
3 120 120
91 122 4
6 4 78
4 45 4
221 6 195
7 3 6
7 119 3
196 40 195
196 40 196
3 221 5
6 7 195
221 195 175
6 4 5
221 195 195
125 195 195
125 91 195
7 7 3
141 196 195
174 175 195
13 30 4
220 5 6
118 6 192
240 311 78
4 78 168
3 6 265
120 7 3
38 4 78
3 6 221
3 142 7
197 221 6
33 78 5
93 19 221
140 3 125
255 255 5
91 91 197
265 13 195
221 93 19
174 175 45
195 240 5
45 45 54
168 102 13
3 7 6
221 240 265
221 220 221
240 118 38
10 196 91
6 78 196
221 175 195
221 221 5
240 3 4
6 10 196
202 5 197
91 197 192
174 175 4
148 140 4
5 4 3
45 175 221
125 125 3
125 125 6
118 6 78
125 125 174
221 197 140
240 140 140
4 269 196
54 3 195
6 220 220
140 5 54
192 6 197
195 4 146
269 196 6
196 196 40
174 195 3
197 4 4
6 54 195
91 85 5
6 6 7
120 175 6
54 175 54
197 91 6
4 195 78
6 54 175
125 54 45
3 192 125
33 33 45
64 183 5
6 197 197
102 174 168
42 120 57
174 5 197
54 221 221
240 240 118
265 265 331
229 195 226
5 197 54
195 221 221
140 197 91
78 219 91
85 5 197
6 125 45
91 11 45
91 3 4
94 6 78
7 119 175
91 195 196
200 33 175
240 331 265
7 3 175
221 120 114
195 85 196
6 91 11
102 240 78
125 168 146
5 33 125
174 6 33
125 125 168
196 5 197
102 78 4
221 45 45
168 168 196
125 125 54
221 168 146
195 195 85
168 4 6
13 5 221
5 3 125
78 168 4
142 3 6
125 125 240
3 175 45
195 125 195
120 57 175
45 45 120
33 33 199
33 33 197
6 120 120
192 140 197
168 221 168
4 3 6
6 6 201
220 197 220
195 45 175
33 6 91
175 45 5
240 180 240
140 5 197
197 195 3
265 168 33
102 168 6
192 140 140
220 6 4
7 120 3
33 140 33
175 5 6
192 3 33
91 197 5
91 10 10
91 6 39
175 174 3
168 168 122
42 42 221
94 6 6
4 174 174
125 146 168
221 175 175
192 6 54
125 91 175
91 229 195
6 91 229
91 45 6
140 195 125
3 140 45
3 4 195
45 33 5
220 220 195
118 118 6
33 175 175
168 45 168
5 63 63
174 195 5
140 3 192
4 19 19
192 125 120
45 4 6
4 5 195
197 174 45
57 175 175
174 102 221
42 4 168
4 4 120
240 265 140
54 195 3
54 5 54
6 118 6
91 33 6
7 195 195
6 7 120
175 175 221
6 168 240
221 221 174
39 5 4
195 221 5
202 200 195
221 5 197
174 11 11
45 45 65
125 240 91
6 4 240
45 54 197
197 5 195
174 13 175
197 195 197
4 168 265
196 220 195
4 220 220
195 226 85
85 174 174
221 11 11
175 175 54
54 3 175
91 197 91
91 195 192
4 5 6
4 4 174
42 168 4
4 33 78
120 5 114
4 140 120
265 168 292
6 85 195
125 125 122
125 125 102
196 4 78
7 175 195
33 33 91
140 5 140
140 3 5
201 202 168
192 192 91
265 33 39
122 168 146
4 3 175
196 3 6
114 4 120
174 174 120
195 42 6
4 3 320
54 3 6
3 4 78
197 192 174
60 197 192
4 6 33
3 5 45
3 3 63
91 197 6
196 19 19
195 91 6
174 33 5
120 7 7
38 197 6
122 5 5
6 91 168
33 265 168
78 5 4
168 54 3
195 197 192
265 168 240
102 78 240
120 63 120
33 39 5
38 10 38
4 220 195
226 85 195
3 265 240
240 195 195
196 196 4
196 196 6
6 168 78
221 197 4
201 102 174
5 197 33
192 174 4
6 6 12
33 3 5
3 45 168
197 54 197
4 265 3
42 6 3
120 7 42
102 42 120
125 91 268
240 4 219
5 5 240
6 4 120
33 5 141
5 13 195
240 219 91
221 3 6
3 91 140
180 240 180
197 91 91
197 221 195
180 180 91
45 6 196
197 6 195
45 102 102
195 4 5
141 141 33
168 240 102
5 60 197
192 197 192
196 196 240
5 195 45
91 4 3
91 268 45
195 4 125
6 6 174
118 38 197
192 140 5
3 91 33
192 33 3
125 3 140
5 33 192
5 33 195
195 3 192
240 240 192
168 33 4
54 195 5
221 195 221
42 174 174
240 91 6
197 91 195
3 308 3
54 45 3
5 120 120
240 240 331
4 221 4
63 6 27
125 3 125
3 180 180
197 221 197
120 7 209
6 91 7
120 7 120
3 45 33
5 221 4
201 195 5
202 201 202
240 221 240
6 175 195
195 168 4
141 195 195
146 168 5
40 196 195
159 159 78
5 6 78
195 45 140
33 192 5
141 141 196
6 265 4
4 19 3
78 13 5
120 120 120
4 91 6
4 5 4
195 33 3
114 221 6
192 3 4
140 140 63
307 175 5
19 4 265
175 3 6
120 174 7
63 63 221
3 3 240
91 5 45
4 192 91
168 168 119
33 125 5
6 13 5
5 27 174
228 94 6
78 91 6
265 5 5
265 5 3
114 63 5
265 240 168
6 141 6
268 4 268
7 195 42
97 11 45
45 4 91
3 168 240
4 120 120
3 3 180
240 197 78
3 309 3
192 91 4
180 6 91
102 91 102
45 6 3
125 125 146
7 209 211
78 42 42
195 120 120
120 140 4
3 5 120
140 63 6
4 91 192
4 6 7
197 4 240
197 197 195
3 320 231
122 168 168
5 91 192
85 78 196
3 4 240
195 175 3
102 102 197
192 125 91
122 155 157
120 42 120
140 240 240
159 78 5
6 191 192
5 5 13
192 3 192
231 228 94
159 45 45
102 33 5
174 54 197
6 5 141
199 213 5
120 4 120
3 168 45
240 102 240
221 221 160
3 4 19
201 202 201
6 91 140
7 142 3
54 6 91
197 221 4
118 6 118
221 197 45
159 159 45
54 192 4
192 4 3
45 42 120
220 4 220
4 102 240
102 6 91
221 220 196
195 5 175
7 175 5
175 7 54
200 195 195
13 33 5
195 42 42
320 231 228
174 45 3
13 13 102
180 78 240
163 3 3
141 33 195
168 146 5
140 195 6
5 196 196
78 78 45
142 3 78
3 195 331
311 78 196
3 102 78
78 265 5
5 196 78
125 91 240
175 54 3
45 120 7
191 45 175
3 10 221
6 27 174
13 142 3
175 63 175
63 175 195
5 168 146
91 91 174
120 3 42
45 195 175
174 175 3
42 42 160
54 175 120
265 78 5
120 3 195
265 3 4
174 175 120
33 195 78
102 4 6
119 168 168
3 120 4
192 6 174
63 63 5
221 102 265
213 5 63
63 5 63
311 78 78
33 5 27
220 195 4
197 4 3
45 4 45
54 54 174
5 33 175
4 6 195
4 42 168
102 4 78
4 120 174
195 5 33
191 122 155
192 125 3
63 175 175
265 19 4
265 19 3
6 54 5
7 6 174
3 240 102
220 220 196
175 175 201
120 114 221
221 160 159
54 195 199
197 196 194
33 45 5
174 122 45
3 4 42
168 13 102
54 5 197
6 196 5
308 308 308
175 5 197
195 196 220
176 3 176
54 85 196
3 240 265
3 114 42
195 33 120
199 5 63
3 114 114
78 5 33
5 5 174
195 120 5
195 120 195
122 33 195
91 5 4
197 192 13
33 196 3
11 11 33
192 6 289
221 195 3
5 63 175
265 292 3
160 159 192
4 120 7
4 4 308
194 197 78
143 3 3
45 65 174
5 91 78
141 141 195
10 10 4
175 3 45
240 168 54
125 5 6
120 4 3
4 5 3
3 33 192
168 5 5
120 6 54
96 97 11
4 240 6
102 3 7
39 12 39
5 141 5
192 6 42
33 125 3
265 265 5
3 3 220
91 192 192
125 91 78
6 120 7
192 125 195
180 180 6
197 6 4
220 118 6
3 122 5
6 96 97
196 5 196
5 197 196
7 3 7
91 3 195
3 221 33
5 220 3
195 33 45
195 4 175
199 122 33
4 197 5
85 78 78
221 265 221
141 45 6
91 6 13
175 221 175
197 33 33
196 5 220
168 122 168
125 91 6
6 220 6
6 289 11
125 91 102
331 265 240
102 201 202
54 168 265
289 11 45
308 3 308
174 13 33
19 19 221
45 45 102
6 195 220
240 168 146
13 5 3
191 192 6
4 142 142
63 3 3
292 265 292
308 7 308
13 13 5
54 54 221
114 195 42
3 3 114
192 6 96
5 240 240
118 221 6
7 175 174
45 13 5
6 91 122
159 192 125
54 54 85
221 78 78
6 199 122
331 4 331
175 5 33
158 331 4
309 265 309
45 5 221
221 5 221
175 201 195
196 194 197
6 6 10
33 3 4
174 33 102
114 3 6
195 201 102
175 5 5
4 3 45
6 125 33
42 3 3
174 3 3
114 120 4
65 174 191
78 240 5
45 5 6
120 6 142
6 4 102
4 4 142
54 140 195
221 3 4
168 168 331
3 63 3
45 141 195
4 221 240
221 175 5
91 155 157
292 292 3
168 4 42
4 240 331
33 3 45
91 91 45
240 240 220
3 122 168
140 3 240
311 78 265
311 78 33
240 220 220
33 45 33
266 102 102
195 6 175
119 175 175
33 195 6
4 125 125
122 33 5
174 195 33
196 5 6
40 195 196
196 195 6
197 6 197
4 4 33
91 6 197
140 3 54
174 120 6
174 13 195
6 10 5
195 175 120
175 4 3
180 192 91
3 42 42
91 175 5
168 45 45
63 120 5
3 195 220
331 5 3
5 45 221
33 4 6
6 5 42
3 197 195
4 195 4
140 5 3
60 5 197
41 41 6
221 41 41
118 45 6
5 240 5
175 208 175
114 120 221
140 3 175
6 91 340
20 33 5
54 45 192
13 3 3
45 33 196
122 174 174
63 41 221
174 3 45
192 5 125
3 168 54
6 7 6
6 7 7
168 78 240
3 91 197
192 4 13
45 45 66
114 6 120
174 6 91
33 3 125
221 221 41
10 118 6
7 4 7
10 91 4
91 45 174
168 54 168
4 33 265
168 265 42
54 122 4
200 201 202
120 174 174
140 195 192
66 20 33
6 7 4
33 192 3
38 78 175
197 197 5
4 175 5
3 45 4
33 5 4
125 175 5
13 175 54
240 3 265
102 102 42
168 5 3
174 5 5
175 120 120
195 5 120
125 5 197
7 91 195
45 3 4
45 3 5
265 168 5
120 7 174
122 331 120
195 199 54
102 13 168
118 6 6
54 54 197
140 140 120
91 195 4
221 4 240
140 191 221
39 196 5
3 4 308
54 265 168
202 175 13
265 5 4
4 4 197
197 63 41
5 195 33
102 122 33
201 195 201
162 162 195
140 45 175
27 174 13
78 45 195
240 3 3
3 33 265
33 3 91
102 146 146
91 199 5
162 195 162
6 12 195
125 125 33
331 4 240
10 10 91
197 6 125
174 191 45
91 340 340
196 10 6
175 4 195
140 3 219
4 176 3
3 13 13
6 3 125
175 195 6
268 268 268
175 195 45
331 4 168
168 292 292
220 5 3
78 78 221
41 54 212
6 6 240
192 195 3
3 6 201
45 45 33
3 91 195
122 4 4
3 38 78
122 122 331
7 308 7
5 5 168
3 6 85
12 195 6
168 331 4
3 102 6
142 142 174
4 221 78
4 268 268
168 102 331
6 54 197
6 91 120
195 3 33
191 221 63
45 78 13
120 114 6
192 5 33
10 5 4
4 195 220
45 221 197
114 114 195
168 265 4
6 195 4
221 3 45
168 42 4
196 195 40
192 13 195
197 192 168
45 5 192
4 4 122
7 6 6
15 54 54
162 54 122
45 140 195
3 221 140
45 13 195
195 42 41
91 3 33
3 45 64
221 118 6
41 41 54
54 3 45
7 120 7
255 265 256
180 91 91
4 221 168
33 5 45
175 5 3
3 4 91
42 3 6
45 66 20
197 6 13
197 140 140
197 45 6
125 192 5
195 3 91
6 195 199
78 78 42
3 140 191
175 3 120
6 45 91
122 4 5
195 162 162
168 3 45
13 78 265
102 3 240
33 192 197
192 45 195
54 102 102
3 197 54
201 199 3
197 195 6
240 42 120
41 6 6
221 102 4
3 195 91
221 175 174
3 195 33
5 120 63
142 3 38
78 265 196
102 102 122
4 3 54
192 45 78
91 102 221
6 240 4
197 6 192
91 197 195
6 11 33
221 6 240
33 195 140
45 175 42
4 122 122
197 140 45
5 125 5
221 220 195
54 5 6
192 197 197
141 6 141
168 168 54
91 141 6
5 13 5
13 45 5
212 15 54
125 125 175
10 4 6
199 200 201
195 307 175
195 140 6
221 42 120
5 140 195
6 42 221
5 125 45
41 221 63
54 212 15
7 174 3
125 45 3
201 202 175
195 125 125
42 120 7
4 4 38
85 85 174
3 197 4
195 168 54
140 6 33
11 3 3
174 120 3
6 39 196
4 33 3
195 4 78
7 3 102
202 168 102
4 140 5
142 174 3
78 42 160
42 175 3
6 54 6
174 42 120
220 220 197
4 195 3
114 120 195
168 168 221
6 6 196
45 3 175
4 175 174
5 4 13
6 221 195
174 4 3
85 196 5
125 174 174
140 221 3
10 6 195
5 168 168
311 78 4
195 6 196
195 6 197
195 6 192
240 6 168
63 4 120
5 140 5
3 219 140
3 140 4
168 78 265
120 175 195
5 174 102
4 91 78
192 197 6
114 114 63
5 5 175
195 78 5
168 119 265
6 191 6
102 197 221
3 192 45
4 221 118
142 7 195
5 195 120
78 140 4
195 197 4
168 13 168
78 265 311
168 33 168
142 7 120
91 196 195
221 66 54
91 201 102
4 148 140
13 168 13
3 192 140
3 125 5
54 6 42
40 6 195
30 4 3
12 5 221
331 4 6
331 4 3
197 197 3
10 10 5
175 174 13
5 221 120
4 42 4
6 102 4
6 114 63
120 4 4
33 175 120
7 3 42
10 5 54
45 199 102
60 5 221
219 311 78
125 6 33
265 3 201
5 6 174
120 120 7
4 10 10
192 6 60
7 78 168
174 102 102
45 3 7
192 140 195
7 308 4
