102 4 221 6 3 142 3 --> 1
192 125 268 197 5 192 125 --> 1
102 102 102 102 27 102 27 --> 1
78 13 265 265 4 78 4 --> 1
102 4 168 4 4 78 168 --> 1
125 125 192 6 5 3 5 --> 1
265 119 175 91 146 146 142 --> 1
91 195 5 197 192 3 5 --> 1
5 13 102 13 102 5 91 --> 1
168 265 43 168 265 43 168 --> 1
265 265 168 168 3 3 168 --> 1
125 125 91 258 311 240 240 --> 1
78 78 142 78 102 142 142 --> 1
5 33 174 102 162 3 91 --> 1
102 3 196 6 91 91 4 --> 1
168 265 168 168 102 168 168 --> 1
91 45 3 102 102 142 6 --> 1
102 102 146 102 78 146 78 --> 1
142 3 265 142 265 142 102 --> 1
192 192 6 174 102 196 142 --> 1
125 91 3 6 6 91 91 --> 1
192 3 91 5 5 192 3 --> 1
78 142 78 78 142 78 142 --> 1
104 3 3 175 142 265 265 --> 1
168 3 43 168 340 168 3 --> 1
196 102 309 102 102 102 309 --> 1
309 102 102 102 196 5 5 --> 1
168 265 3 168 168 168 168 --> 1
265 265 168 168 168 265 168 --> 1
102 196 102 102 162 5 91 --> 1
91 6 91 6 195 3 3 --> 1
168 168 265 3 3 168 146 --> 1
5 5 192 192 33 91 4 --> 1
3 3 3 3 3 3 168 --> 1
27 102 102 27 85 5 196 --> 1
3 168 3 3 3 43 168 --> 1
3 3 221 221 4 4 4 --> 1
3 5 5 3 91 5 5 --> 1
5 91 91 3 3 162 3 --> 1
4 78 13 240 240 240 13 --> 1
78 13 265 265 240 240 13 --> 1
5 3 195 91 91 162 4 --> 1
195 85 102 102 195 102 102 --> 1
142 265 146 142 146 146 142 --> 1
168 168 3 168 168 265 43 --> 1
4 91 91 125 192 102 91 --> 1
265 168 168 168 168 265 168 --> 1
102 85 196 196 196 265 10 --> 1
33 125 125 195 195 3 102 --> 1
85 102 195 85 102 27 5 --> 1
265 168 4 265 168 168 168 --> 1
192 91 5 91 3 3 4 --> 1
3 168 168 168 265 168 168 --> 1
265 168 265 168 102 168 168 --> 1
168 265 265 265 265 168 168 --> 1
91 91 91 91 6 91 3 --> 1
240 13 4 78 4 13 240 --> 1
5 91 3 6 5 5 6 --> 1
78 142 195 78 102 142 6 --> 1
162 162 114 162 162 162 114 --> 1
6 102 120 6 120 6 102 --> 1
104 142 142 265 104 142 265 --> 1
6 10 27 27 5 309 27 --> 1
6 3 5 162 6 3 3 --> 1
4 91 3 91 91 91 4 --> 1
13 4 78 13 4 4 13 --> 1
168 3 168 168 3 168 168 --> 1
102 142 13 142 162 4 4 --> 1
221 221 221 102 142 91 3 --> 1
265 3 168 168 168 265 265 --> 1
265 142 265 102 265 119 142 --> 1
195 195 10 102 102 102 309 --> 1
174 174 174 174 6 91 6 --> 1
102 309 309 309 102 27 309 --> 1
168 168 168 168 265 168 265 --> 1
27 174 27 221 3 3 142 --> 1
3 125 3 195 6 13 4 --> 1
168 168 43 43 168 168 265 --> 1
168 168 168 168 265 265 3 --> 1
168 146 265 168 168 3 168 --> 1
168 168 265 168 168 168 168 --> 1
91 91 3 3 3 3 3 --> 1
102 102 5 102 102 309 195 --> 1
265 142 265 104 142 142 142 --> 1
85 195 102 195 265 309 85 --> 1
7 7 6 120 120 7 7 --> 1
13 13 13 13 13 13 13 --> 1
192 4 174 174 174 174 174 --> 1
6 142 4 142 3 13 102 --> 1
85 195 85 195 85 85 102 --> 1
265 3 265 265 168 168 3 --> 1
78 4 13 13 4 13 4 --> 1
168 265 168 168 168 168 168 --> 2
197 192 192 6 192 192 243 --> 1
3 3 6 91 91 4 4 --> 1
195 78 142 146 142 146 6 --> 1
5 27 85 102 102 27 5 --> 1
102 91 102 91 78 162 4 --> 1
168 168 168 168 168 168 168 --> 1
3 13 195 3 3 6 91 --> 1
6 142 78 78 146 78 142 --> 1
174 175 191 122 5 54 196 --> 1
168 265 3 265 168 3 265 --> 1
3 3 3 265 3 168 3 --> 1
3 168 168 168 168 168 168 --> 1
6 125 102 142 91 6 78 --> 1
146 78 6 13 146 102 142 --> 1
195 3 3 6 91 91 78 --> 1
192 195 6 5 6 221 4 --> 1
91 192 125 192 125 102 221 --> 1
142 91 91 5 140 197 192 --> 1
199 3 6 5 5 3 4 --> 1
240 240 4 78 13 240 265 --> 1
192 125 3 3 91 91 91 --> 1
