162 5 5 --> 3
3 3 5 --> 11
3 3 4 --> 1
140 91 6 --> 47
66 45 192 --> 1
3 3 3 --> 673
146 119 265 --> 1
268 45 45 --> 10
91 142 102 --> 2
104 175 104 --> 1
104 142 142 --> 9
265 265 43 --> 35
102 196 102 --> 1
265 3 91 --> 1
78 265 13 --> 5
195 3 91 --> 1
140 91 5 --> 2
265 142 119 --> 19
197 192 3 --> 120
197 192 4 --> 9
197 192 5 --> 5
197 192 6 --> 39
192 3 125 --> 1
3 3 6 --> 57
102 33 102 --> 1
3 125 125 --> 3
140 91 3 --> 1
142 104 265 --> 12
4 3 196 --> 1
4 3 197 --> 1
4 3 192 --> 1
175 3 265 --> 5
120 6 3 --> 2
146 13 78 --> 2
91 265 175 --> 1
102 195 195 --> 3
102 195 197 --> 1
102 195 192 --> 1
175 33 5 --> 1
104 142 91 --> 1
192 197 125 --> 3
142 3 3 --> 54
192 4 174 --> 2
104 104 142 --> 7
142 3 5 --> 1
33 6 5 --> 4
13 197 140 --> 1
175 91 265 --> 6
201 206 5 --> 8
4 13 3 --> 2
195 221 140 --> 1
43 265 168 --> 106
85 141 85 --> 3
33 201 102 --> 1
5 5 221 --> 1
104 142 146 --> 2
119 91 142 --> 1
265 146 265 --> 17
175 3 3 --> 12
5 192 102 --> 4
78 6 13 --> 1
221 102 142 --> 2
3 85 85 --> 1
197 168 3 --> 3
3 265 43 --> 729
91 168 54 --> 1
45 206 3 --> 1
91 13 4 --> 1
91 13 6 --> 1
142 3 104 --> 15
91 27 142 --> 1
142 3 102 --> 2
265 13 78 --> 5
142 102 5 --> 1
142 102 4 --> 1
142 102 6 --> 3
91 125 195 --> 1
142 102 3 --> 2
168 265 168 --> 903
265 265 340 --> 1
142 104 146 --> 2
6 102 142 --> 2
5 4 13 --> 1
142 104 142 --> 8
5 13 60 --> 1
5 5 13 --> 1
5 5 12 --> 1
5 142 4 --> 6
6 192 3 --> 2
5 5 220 --> 1
6 192 5 --> 5
5 142 3 --> 3
6 192 6 --> 6
43 168 168 --> 146
5 6 142 --> 1
78 78 195 --> 7
199 5 91 --> 1
43 265 340 --> 2
175 54 175 --> 6
104 146 175 --> 2
3 78 240 --> 1
60 12 174 --> 4
11 33 5 --> 1
146 142 78 --> 20
104 104 3 --> 6
206 60 3 --> 1
5 141 85 --> 3
5 197 91 --> 3
41 41 6 --> 4
146 265 146 --> 6
146 265 142 --> 14
54 3 142 --> 1
3 195 102 --> 2
195 102 102 --> 3
6 91 142 --> 1
265 340 265 --> 1
168 3 102 --> 1
199 13 102 --> 4
43 168 3 --> 56
78 102 78 --> 138
265 175 91 --> 2
6 221 192 --> 1
195 91 5 --> 2
3 3 78 --> 1
5 91 33 --> 3
192 192 195 --> 1
33 91 45 --> 1
192 192 197 --> 5
192 192 192 --> 54
45 3 5 --> 1
220 196 220 --> 2
162 197 5 --> 3
125 125 221 --> 1
45 3 3 --> 1
146 142 104 --> 2
78 102 168 --> 1
146 142 102 --> 5
5 11 6 --> 1
221 91 13 --> 1
5 140 102 --> 1
192 91 142 --> 1
13 140 102 --> 1
3 221 221 --> 4
63 174 102 --> 1
45 220 199 --> 1
5 4 4 --> 1
197 192 192 --> 135
197 192 195 --> 1
168 168 122 --> 1
197 192 197 --> 2
265 119 3 --> 4
195 206 3 --> 1
146 146 104 --> 2
6 3 13 --> 9
192 125 140 --> 1
197 3 91 --> 3
140 102 102 --> 1
3 192 265 --> 2
142 78 195 --> 2
142 4 102 --> 3
168 43 168 --> 49
174 5 142 --> 2
265 168 146 --> 16
192 102 102 --> 2
174 33 3 --> 1
174 5 91 --> 1
174 4 5 --> 2
125 91 258 --> 16
265 168 6 --> 2
6 6 66 --> 6
168 3 43 --> 13
265 168 3 --> 249
12 5 6 --> 1
3 91 175 --> 4
3 91 174 --> 1
91 33 3 --> 1
240 102 102 --> 3
142 265 142 --> 29
104 142 175 --> 5
142 265 146 --> 12
102 4 33 --> 2
5 3 199 --> 2
196 142 13 --> 1
5 3 192 --> 8
5 3 197 --> 129
265 265 54 --> 1
5 3 195 --> 1
265 142 104 --> 13
265 54 3 --> 2
78 4 265 --> 6
119 104 142 --> 1
197 140 91 --> 1
6 192 125 --> 5
125 201 206 --> 1
33 3 125 --> 1
140 91 102 --> 2
265 104 104 --> 5
91 240 5 --> 6
192 5 221 --> 1
142 6 33 --> 1
13 11 5 --> 1
268 6 197 --> 1
102 78 142 --> 30
265 104 175 --> 1
102 78 146 --> 6
192 174 5 --> 1
5 125 192 --> 1
5 125 195 --> 1
175 104 175 --> 2
265 5 265 --> 2
4 6 13 --> 1
142 91 3 --> 1
5 5 206 --> 1
5 85 85 --> 1
265 104 265 --> 7
142 91 5 --> 1
5 220 220 --> 1
5 78 240 --> 1
3 142 119 --> 10
240 4 240 --> 98
78 195 102 --> 2
191 45 220 --> 1
197 102 3 --> 1
102 140 4 --> 1
142 146 142 --> 32
142 146 146 --> 8
4 78 78 --> 10
78 13 13 --> 470
3 192 91 --> 2
265 240 240 --> 182
199 5 33 --> 1
265 3 192 --> 1
142 4 4 --> 22
91 141 5 --> 1
142 4 3 --> 5
119 3 54 --> 1
33 192 192 --> 6
192 142 265 --> 5
4 13 240 --> 48
33 192 197 --> 2
3 197 33 --> 1
142 3 13 --> 15
175 175 91 --> 5
33 5 142 --> 2
91 265 142 --> 2
91 265 146 --> 2
5 27 3 --> 1
174 197 102 --> 1
85 6 3 --> 1
102 6 91 --> 3
140 33 5 --> 2
142 142 3 --> 90
175 91 142 --> 4
142 142 4 --> 3
142 142 6 --> 2
199 3 3 --> 1
13 13 240 --> 58
4 142 33 --> 1
119 142 146 --> 2
119 142 142 --> 7
33 6 268 --> 1
142 3 265 --> 65
4 4 91 --> 2
102 102 78 --> 12
13 5 3 --> 1
3 102 221 --> 1
13 5 5 --> 6
54 102 102 --> 2
4 265 78 --> 7
6 91 197 --> 1
6 91 195 --> 11
5 6 91 --> 3
175 175 3 --> 7
119 146 146 --> 1
102 142 33 --> 1
221 174 5 --> 1
140 221 6 --> 1
33 6 6 --> 2
104 175 3 --> 6
192 4 3 --> 1
91 3 146 --> 2
91 3 142 --> 1
6 78 142 --> 6
6 4 33 --> 2
11 5 33 --> 1
5 5 125 --> 3
146 142 265 --> 19
5 141 5 --> 1
5 192 6 --> 19
5 192 4 --> 1
5 192 5 --> 6
5 6 162 --> 1
5 12 102 --> 1
268 3 3 --> 2
175 6 3 --> 6
4 91 5 --> 1
220 220 3 --> 1
195 125 197 --> 1
5 102 91 --> 3
54 5 192 --> 1
221 3 3 --> 28
221 3 5 --> 1
5 265 6 --> 1
5 265 5 --> 1
4 265 265 --> 93
197 91 3 --> 2
197 91 5 --> 3
6 265 6 --> 6
197 91 6 --> 1
3 6 199 --> 3
91 5 162 --> 1
3 6 192 --> 2
3 6 197 --> 4
91 192 3 --> 4
146 146 175 --> 2
6 5 221 --> 6
45 3 220 --> 1
91 192 6 --> 1
45 192 5 --> 1
3 3 175 --> 35
265 175 175 --> 2
102 192 33 --> 1
3 33 125 --> 2
27 221 3 --> 28
265 265 13 --> 28
168 5 265 --> 1
168 102 168 --> 21
146 146 13 --> 1
142 102 78 --> 15
114 162 162 --> 48
142 265 54 --> 1
91 6 91 --> 6
192 13 140 --> 1
3 91 142 --> 5
197 125 33 --> 1
6 197 33 --> 1
220 199 6 --> 1
220 199 5 --> 2
91 195 5 --> 14
91 195 4 --> 1
91 195 3 --> 1
175 265 146 --> 3
142 13 142 --> 1
174 102 102 --> 4
175 265 142 --> 18
104 265 3 --> 20
175 192 197 --> 1
142 265 175 --> 6
102 102 13 --> 23
221 102 4 --> 1
142 3 91 --> 3
195 142 142 --> 2
265 3 78 --> 1
195 142 146 --> 1
125 221 5 --> 1
102 33 5 --> 1
174 3 3 --> 3
27 5 91 --> 1
3 119 142 --> 2
4 174 197 --> 1
195 78 102 --> 1
27 6 33 --> 1
102 146 102 --> 1
13 240 240 --> 199
265 5 168 --> 4
192 197 243 --> 1
5 91 102 --> 1
201 5 13 --> 12
221 120 4 --> 1
63 11 45 --> 1
3 3 119 --> 1
125 3 6 --> 10
104 265 104 --> 10
192 195 5 --> 1
104 3 192 --> 12
54 265 3 --> 1
3 142 104 --> 13
168 54 102 --> 10
3 168 146 --> 45
195 91 102 --> 2
3 265 3 --> 318
78 13 265 --> 195
195 6 192 --> 3
6 85 85 --> 3
175 119 142 --> 1
33 142 4 --> 1
78 6 78 --> 8
5 192 125 --> 6
78 168 240 --> 1
6 5 140 --> 17
199 102 102 --> 2
3 5 33 --> 1
13 13 13 --> 29
221 102 13 --> 1
13 13 11 --> 1
168 340 168 --> 4
4 174 174 --> 2
265 240 4 --> 37
197 91 195 --> 1
91 13 33 --> 1
3 91 102 --> 2
192 125 6 --> 1
168 146 168 --> 114
265 175 3 --> 6
3 265 146 --> 20
3 265 142 --> 34
3 195 340 --> 1
162 91 5 --> 1
33 125 5 --> 1
220 102 5 --> 1
6 45 3 --> 1
192 192 5 --> 8
91 175 119 --> 1
5 5 33 --> 1
168 265 102 --> 7
125 125 220 --> 1
85 3 85 --> 1
3 6 201 --> 1
5 4 33 --> 1
119 175 142 --> 1
197 4 168 --> 1
265 142 91 --> 1
192 5 102 --> 1
6 102 168 --> 2
240 33 78 --> 1
66 45 45 --> 1
3 43 3 --> 8
199 5 192 --> 2
199 5 197 --> 5
91 91 6 --> 4
199 5 199 --> 1
142 175 265 --> 6
6 5 12 --> 2
5 6 125 --> 5
91 102 102 --> 22
91 91 3 --> 2
197 162 197 --> 1
91 5 221 --> 1
195 5 195 --> 48
5 206 195 --> 1
174 3 199 --> 1
91 3 91 --> 4
13 4 4 --> 57
146 142 13 --> 2
197 142 13 --> 1
102 5 142 --> 1
221 102 6 --> 1
221 102 5 --> 1
3 142 4 --> 5
146 265 168 --> 20
3 43 168 --> 15
162 114 114 --> 10
125 3 102 --> 1
91 91 102 --> 1
240 78 13 --> 17
195 5 3 --> 4
142 104 3 --> 15
195 102 168 --> 4
168 5 125 --> 1
142 195 102 --> 1
192 5 33 --> 2
5 140 5 --> 1
5 140 3 --> 3
175 3 104 --> 3
3 102 199 --> 1
142 5 140 --> 1
78 102 102 --> 9
6 3 91 --> 1
265 192 3 --> 1
102 6 195 --> 1
102 6 192 --> 1
66 63 11 --> 1
54 102 6 --> 8
120 6 102 --> 1
78 146 195 --> 1
146 146 168 --> 2
57 175 54 --> 6
5 197 140 --> 1
195 3 125 --> 1
142 119 3 --> 2
3 140 3 --> 7
142 102 102 --> 6
6 3 33 --> 1
265 4 4 --> 13
162 114 162 --> 96
265 78 240 --> 10
240 240 240 --> 326
265 265 5 --> 1
265 265 4 --> 50
265 265 6 --> 2
146 168 168 --> 39
265 265 3 --> 325
142 197 6 --> 1
265 168 340 --> 1
197 142 4 --> 1
5 102 13 --> 3
13 5 78 --> 2
13 102 221 --> 1
140 33 221 --> 1
168 78 265 --> 1
125 195 102 --> 1
125 33 192 --> 1
6 13 5 --> 1
119 119 142 --> 1
4 66 45 --> 1
13 91 33 --> 1
265 3 43 --> 7
265 142 3 --> 31
33 33 33 --> 2
265 265 78 --> 20
175 146 3 --> 3
146 104 3 --> 7
168 168 102 --> 21
91 91 91 --> 44
91 6 102 --> 1
3 119 265 --> 2
142 6 146 --> 1
142 6 142 --> 2
3 142 265 --> 49
4 102 192 --> 1
12 102 5 --> 1
5 3 102 --> 1
240 240 13 --> 591
119 265 3 --> 3
195 78 142 --> 4
142 119 119 --> 1
192 33 197 --> 1
192 33 192 --> 3
174 27 221 --> 28
5 199 102 --> 2
3 78 78 --> 1
192 201 206 --> 1
13 192 142 --> 1
3 3 221 --> 28
27 6 3 --> 1
240 78 3 --> 1
3 13 102 --> 31
240 78 4 --> 20
3 33 5 --> 3
3 33 6 --> 1
63 33 6 --> 1
102 91 33 --> 1
146 104 142 --> 8
240 4 265 --> 15
78 195 6 --> 1
140 197 192 --> 59
3 91 195 --> 3
5 125 91 --> 2
146 78 102 --> 8
340 265 43 --> 1
3 91 197 --> 3
78 195 78 --> 2
91 5 6 --> 4
142 192 104 --> 1
5 125 268 --> 1
102 142 102 --> 4
102 6 78 --> 19
142 13 102 --> 10
104 265 265 --> 20
102 192 5 --> 1
142 146 104 --> 5
265 340 3 --> 2
33 13 3 --> 1
125 268 6 --> 1
91 91 33 --> 1
195 6 142 --> 1
4 6 142 --> 1
6 91 78 --> 1
91 192 192 --> 1
168 3 340 --> 1
168 54 5 --> 2
201 102 3 --> 1
221 102 33 --> 1
6 3 197 --> 1
33 6 33 --> 9
195 221 27 --> 1
104 104 265 --> 4
13 13 5 --> 4
13 13 4 --> 117
33 102 5 --> 1
33 102 4 --> 1
5 142 13 --> 1
3 140 91 --> 1
221 192 3 --> 1
3 265 175 --> 4
33 5 91 --> 1
265 168 168 --> 1239
102 4 6 --> 1
175 175 119 --> 1
168 168 195 --> 1
78 146 6 --> 1
4 142 13 --> 1
33 33 197 --> 1
4 91 91 --> 2
3 168 265 --> 564
33 33 192 --> 1
33 6 243 --> 1
175 146 146 --> 2
102 195 5 --> 1
175 146 142 --> 2
102 195 6 --> 1
102 142 5 --> 1
102 142 4 --> 14
221 221 221 --> 6
102 142 6 --> 1
3 5 13 --> 2
102 142 3 --> 2
102 102 91 --> 5
195 197 192 --> 1
192 168 5 --> 1
206 3 102 --> 1
265 146 91 --> 1
102 78 78 --> 131
6 33 3 --> 5
6 33 6 --> 10
54 102 168 --> 1
6 33 5 --> 111
102 13 5 --> 2
102 4 142 --> 1
168 3 168 --> 331
102 13 6 --> 2
102 13 102 --> 32
102 13 3 --> 2
104 146 104 --> 1
125 125 125 --> 189
3 5 6 --> 3
27 196 4 --> 1
43 3 43 --> 8
91 265 119 --> 1
199 6 91 --> 1
5 5 102 --> 5
5 192 91 --> 2
11 5 6 --> 1
174 174 57 --> 6
142 142 104 --> 8
168 265 340 --> 3
5 102 195 --> 2
206 195 3 --> 1
5 102 192 --> 1
43 265 265 --> 60
3 265 192 --> 1
3 265 195 --> 1
146 175 91 --> 1
265 54 142 --> 2
265 54 146 --> 6
78 142 78 --> 261
3 168 43 --> 26
221 5 13 --> 1
195 206 60 --> 5
140 174 3 --> 1
91 142 142 --> 7
3 192 120 --> 1
3 13 91 --> 1
43 168 265 --> 376
3 192 125 --> 2
6 142 142 --> 3
195 340 340 --> 13
78 146 13 --> 1
13 3 5 --> 1
13 3 4 --> 3
13 3 6 --> 1
91 195 91 --> 1
13 3 3 --> 3
91 5 140 --> 3
168 78 3 --> 3
54 3 265 --> 1
102 146 78 --> 8
175 91 3 --> 4
192 125 192 --> 2
192 125 191 --> 1
3 199 240 --> 1
192 125 195 --> 3
192 78 5 --> 1
197 4 66 --> 1
265 168 5 --> 4
102 6 142 --> 8
197 125 3 --> 2
197 6 192 --> 3
197 125 6 --> 1
102 4 13 --> 1
6 197 4 --> 2
6 197 5 --> 1
168 168 265 --> 1508
102 199 197 --> 1
91 196 102 --> 1
142 146 3 --> 16
142 102 13 --> 2
340 168 43 --> 1
91 5 13 --> 2
5 140 13 --> 1
6 6 91 --> 1
192 140 33 --> 1
192 6 125 --> 53
63 6 6 --> 4
142 265 119 --> 6
195 340 168 --> 5
240 13 78 --> 39
4 91 102 --> 1
221 192 120 --> 1
175 3 119 --> 1
265 4 240 --> 39
191 122 268 --> 14
265 104 3 --> 137
125 91 195 --> 3
140 91 13 --> 2
125 91 197 --> 1
13 91 5 --> 1
265 5 6 --> 16
13 102 102 --> 26
195 4 3 --> 2
140 27 174 --> 32
13 91 3 --> 2
6 125 91 --> 16
3 3 125 --> 3
43 195 43 --> 1
102 91 197 --> 1
102 91 195 --> 1
91 6 125 --> 2
102 13 91 --> 2
146 146 6 --> 1
142 13 78 --> 3
265 104 146 --> 3
13 240 265 --> 11
265 104 142 --> 21
175 104 142 --> 2
85 6 85 --> 2
175 104 146 --> 1
146 91 142 --> 1
168 3 78 --> 2
78 78 13 --> 6
175 265 175 --> 2
265 240 168 --> 2
4 33 5 --> 2
3 3 340 --> 1
33 125 125 --> 3
125 195 3 --> 1
125 195 5 --> 12
125 195 6 --> 1
78 13 240 --> 69
4 4 199 --> 1
192 91 6 --> 3
3 197 6 --> 2
33 125 45 --> 1
6 66 197 --> 1
168 43 265 --> 27
240 5 3 --> 7
197 197 192 --> 10
13 102 91 --> 8
6 168 265 --> 7
3 5 140 --> 2
197 102 195 --> 2
192 195 192 --> 1
102 13 192 --> 1
142 142 119 --> 3
13 13 33 --> 1
140 33 102 --> 1
206 60 60 --> 4
13 142 13 --> 1
4 4 265 --> 9
5 125 3 --> 2
5 125 5 --> 4
5 125 6 --> 2
175 174 174 --> 6
168 146 146 --> 4
6 3 142 --> 1
146 3 175 --> 2
3 265 168 --> 1375
13 146 78 --> 1
125 125 201 --> 2
192 197 5 --> 1
13 5 33 --> 1
192 197 3 --> 2
91 175 175 --> 1
78 142 102 --> 17
175 146 175 --> 1
6 102 102 --> 19
125 33 6 --> 3
192 5 125 --> 4
340 168 168 --> 1
102 5 3 --> 10
102 5 5 --> 6
102 5 4 --> 1
5 6 102 --> 2
197 6 91 --> 1
195 43 43 --> 1
125 192 192 --> 2
140 102 91 --> 1
168 5 91 --> 2
91 102 120 --> 1
91 3 175 --> 1
265 340 168 --> 1
265 78 4 --> 5
6 13 91 --> 2
192 3 240 --> 6
78 162 197 --> 1
119 142 265 --> 1
5 201 220 --> 1
6 199 201 --> 19
192 192 243 --> 12
5 5 174 --> 1
174 174 5 --> 2
3 102 102 --> 6
43 3 168 --> 121
6 146 78 --> 1
3 6 91 --> 123
102 3 13 --> 2
43 195 340 --> 15
27 102 13 --> 1
195 102 142 --> 2
240 78 78 --> 9
4 3 33 --> 1
3 168 54 --> 1
33 197 192 --> 3
13 265 4 --> 9
104 146 265 --> 2
33 197 6 --> 1
265 3 3 --> 172
265 3 4 --> 1
4 13 4 --> 60
4 13 5 --> 1
27 102 5 --> 1
5 140 140 --> 1
6 197 192 --> 3
197 33 125 --> 1
5 195 102 --> 1
63 63 63 --> 9
54 175 6 --> 6
146 102 78 --> 3
146 146 146 --> 9
146 146 142 --> 15
5 4 3 --> 1
27 174 102 --> 1
91 195 102 --> 1
265 175 142 --> 10
265 175 146 --> 1
3 192 221 --> 1
192 6 5 --> 15
192 6 4 --> 1
192 6 6 --> 5
4 5 102 --> 1
192 6 3 --> 8
168 168 43 --> 21
195 3 5 --> 1
195 3 3 --> 7
146 168 146 --> 14
91 6 45 --> 2
265 168 102 --> 10
3 13 3 --> 3
192 125 33 --> 1
3 13 5 --> 3
268 91 201 --> 1
6 6 125 --> 3
3 91 91 --> 4
5 140 27 --> 34
142 265 104 --> 129
168 146 78 --> 1
3 265 91 --> 3
5 195 5 --> 54
5 195 4 --> 3
5 195 6 --> 1
5 195 3 --> 2
265 13 265 --> 2
265 142 146 --> 16
33 6 125 --> 1
265 142 142 --> 61
175 175 175 --> 73
168 340 43 --> 1
142 91 265 --> 2
265 78 13 --> 13
5 168 168 --> 2
142 6 78 --> 2
54 5 6 --> 1
60 3 3 --> 1
142 119 175 --> 1
33 142 6 --> 1
33 142 3 --> 1
192 192 33 --> 7
54 174 174 --> 4
78 142 6 --> 6
102 78 102 --> 6
175 265 265 --> 4
3 142 3 --> 57
195 5 197 --> 30
6 221 221 --> 3
3 142 5 --> 2
195 5 192 --> 3
6 162 5 --> 2
78 168 78 --> 1
265 13 4 --> 11
195 5 5 --> 19
265 146 146 --> 10
33 142 13 --> 1
195 5 6 --> 1
199 102 142 --> 1
168 122 3 --> 1
54 265 265 --> 9
168 195 265 --> 1
197 140 5 --> 1
78 195 146 --> 1
4 91 142 --> 1
102 140 33 --> 1
78 195 142 --> 5
265 192 265 --> 1
91 5 3 --> 22
3 91 192 --> 2
91 5 5 --> 20
91 5 4 --> 1
146 104 146 --> 1
4 78 240 --> 52
6 201 206 --> 1
78 3 168 --> 6
13 78 240 --> 59
142 146 102 --> 9
192 91 91 --> 1
146 195 102 --> 1
102 120 4 --> 1
43 43 168 --> 30
221 197 192 --> 1
6 91 13 --> 1
265 265 175 --> 6
174 175 33 --> 1
142 142 102 --> 17
5 3 91 --> 12
265 195 168 --> 1
63 6 221 --> 3
102 174 3 --> 1
195 146 78 --> 1
3 125 195 --> 1
240 4 4 --> 31
175 104 265 --> 6
102 140 102 --> 1
192 33 33 --> 1
4 265 240 --> 19
102 5 140 --> 17
265 43 168 --> 513
146 3 168 --> 14
33 3 5 --> 1
240 3 78 --> 1
5 91 142 --> 1
33 3 4 --> 1
6 142 6 --> 2
6 142 4 --> 14
6 5 220 --> 2
6 142 3 --> 3
4 13 192 --> 1
4 33 13 --> 1
91 175 142 --> 1
240 174 174 --> 15
104 3 142 --> 21
104 3 146 --> 3
5 13 13 --> 2
3 168 240 --> 1
192 197 192 --> 4
192 120 5 --> 1
6 5 33 --> 6
91 125 125 --> 1
140 5 27 --> 1
240 174 197 --> 1
78 78 142 --> 244
5 221 3 --> 1
102 221 102 --> 1
78 78 146 --> 28
265 146 142 --> 25
265 195 340 --> 2
265 240 13 --> 18
168 3 146 --> 9
6 78 102 --> 1
340 340 3 --> 14
45 197 3 --> 1
91 6 3 --> 1
5 221 6 --> 1
5 197 168 --> 4
192 265 142 --> 1
102 102 102 --> 74
5 5 162 --> 2
5 5 168 --> 2
54 146 265 --> 6
3 192 78 --> 1
4 13 78 --> 18
102 6 3 --> 18
102 6 6 --> 2
102 6 4 --> 2
102 6 5 --> 16
146 13 142 --> 1
3 6 85 --> 1
91 201 206 --> 4
192 220 102 --> 1
175 175 146 --> 1
102 265 265 --> 62
119 104 3 --> 1
91 91 13 --> 1
265 265 102 --> 82
6 3 3 --> 20
6 3 4 --> 1
6 3 5 --> 7
6 3 6 --> 9
142 5 192 --> 1
91 45 6 --> 1
3 221 27 --> 22
125 5 91 --> 1
3 220 5 --> 1
91 102 3 --> 1
6 197 162 --> 1
91 102 5 --> 1
5 6 33 --> 7
91 102 6 --> 1
4 3 3 --> 12
4 3 4 --> 28
78 6 146 --> 1
78 6 142 --> 2
3 125 91 --> 1
6 146 142 --> 1
5 197 197 --> 10
265 265 192 --> 1
3 240 192 --> 1
114 162 114 --> 57
3 43 265 --> 9
5 197 199 --> 14
45 199 102 --> 1
168 168 240 --> 1
4 102 91 --> 1
168 168 54 --> 2
265 168 43 --> 32
340 3 265 --> 13
292 3 168 --> 1
3 168 195 --> 1
43 43 3 --> 34
54 265 146 --> 3
146 142 175 --> 6
292 265 265 --> 1
119 3 142 --> 3
3 146 104 --> 76
142 119 146 --> 1
119 265 142 --> 8
119 265 146 --> 3
265 195 3 --> 1
340 265 168 --> 3
3 175 192 --> 2
125 6 5 --> 2
192 5 6 --> 10
4 13 13 --> 20
5 5 5 --> 79
6 221 102 --> 1
5 33 125 --> 1
5 13 5 --> 2
5 5 3 --> 34
5 78 13 --> 2
265 142 175 --> 7
6 168 54 --> 1
146 265 265 --> 33
140 27 192 --> 1
5 196 102 --> 1
91 104 3 --> 1
91 33 5 --> 11
265 168 265 --> 2109
265 142 192 --> 2
6 3 192 --> 8
3 102 6 --> 1
3 102 5 --> 12
3 102 4 --> 1
3 102 3 --> 2
91 33 192 --> 1
5 125 125 --> 5
85 5 85 --> 2
142 33 5 --> 3
6 13 142 --> 1
6 195 6 --> 1
6 195 4 --> 2
6 195 3 --> 1
102 168 102 --> 4
197 5 192 --> 5
33 125 102 --> 1
197 5 195 --> 1
91 13 102 --> 1
125 122 3 --> 1
3 78 3 --> 1
146 104 175 --> 2
5 3 3 --> 22
78 4 13 --> 14
45 5 197 --> 11
5 3 5 --> 18
5 3 4 --> 2
3 3 104 --> 30
146 6 142 --> 1
3 3 102 --> 20
3 199 102 --> 1
13 13 3 --> 1
192 195 102 --> 1
6 192 192 --> 17
54 54 174 --> 4
265 265 168 --> 1231
142 142 175 --> 8
6 5 102 --> 3
142 192 3 --> 3
162 162 162 --> 64
13 91 91 --> 2
91 265 192 --> 1
3 104 3 --> 19
33 5 192 --> 13
33 5 195 --> 5
33 5 197 --> 16
4 4 240 --> 60
3 78 168 --> 2
3 33 3 --> 2
265 13 13 --> 4
142 78 13 --> 4
125 125 3 --> 1
125 125 5 --> 5
196 91 5 --> 1
13 265 240 --> 32
102 3 102 --> 3
142 175 119 --> 1
240 265 4 --> 11
104 3 175 --> 13
102 102 5 --> 24
199 240 5 --> 1
102 102 6 --> 30
265 3 142 --> 37
265 3 146 --> 17
3 3 91 --> 27
3 4 3 --> 4
5 5 91 --> 7
3 4 4 --> 28
3 4 5 --> 1
146 3 104 --> 6
3 340 340 --> 1
4 91 27 --> 1
102 4 5 --> 1
240 78 265 --> 5
220 6 197 --> 2
265 146 175 --> 2
5 221 174 --> 1
91 102 140 --> 1
91 102 4 --> 1
206 5 220 --> 1
91 3 197 --> 1
3 199 3 --> 1
3 199 5 --> 5
146 142 3 --> 18
265 192 142 --> 1
3 102 168 --> 3
265 43 265 --> 193
174 6 91 --> 2
102 5 102 --> 1
33 13 102 --> 1
6 102 3 --> 4
102 3 33 --> 1
6 102 6 --> 2
91 91 141 --> 1
6 102 5 --> 5
265 292 265 --> 1
102 6 221 --> 1
91 102 78 --> 1
192 3 168 --> 1
4 3 13 --> 2
5 91 91 --> 4
125 102 5 --> 1
125 102 3 --> 1
13 4 91 --> 1
168 265 265 --> 1118
175 3 91 --> 2
3 6 162 --> 1
91 199 102 --> 1
6 91 125 --> 1
13 60 102 --> 1
197 4 33 --> 1
13 240 78 --> 17
142 146 78 --> 17
91 195 125 --> 1
54 142 142 --> 1
125 5 33 --> 1
91 33 33 --> 1
141 5 141 --> 2
125 140 91 --> 1
5 197 192 --> 162
5 4 102 --> 2
125 91 33 --> 1
91 45 3 --> 1
78 13 78 --> 20
168 6 265 --> 3
6 142 33 --> 1
120 5 192 --> 1
142 5 13 --> 1
120 4 168 --> 1
3 221 3 --> 1
78 102 13 --> 11
3 174 3 --> 1
3 168 3 --> 115
146 119 146 --> 1
192 3 265 --> 1
6 6 102 --> 2
91 197 125 --> 2
3 104 142 --> 12
13 4 265 --> 106
11 6 6 --> 1
11 6 5 --> 1
146 102 102 --> 2
199 5 13 --> 1
3 197 125 --> 1
5 91 120 --> 1
195 168 168 --> 2
91 142 4 --> 2
192 197 33 --> 1
13 3 33 --> 1
91 142 3 --> 2
142 6 91 --> 1
5 168 102 --> 1
33 3 91 --> 1
265 119 265 --> 28
125 91 142 --> 1
125 191 45 --> 1
4 3 102 --> 1
220 3 199 --> 2
102 146 146 --> 3
192 4 6 --> 7
102 146 142 --> 4
168 240 33 --> 1
197 3 13 --> 1
125 5 195 --> 1
125 5 197 --> 2
125 5 192 --> 5
197 5 102 --> 1
4 125 125 --> 2
13 142 102 --> 3
195 4 4 --> 4
4 78 265 --> 5
140 4 240 --> 1
142 195 78 --> 3
13 78 265 --> 4
3 192 33 --> 4
5 197 6 --> 6
5 197 5 --> 6
5 197 4 --> 1
5 197 3 --> 6
104 175 175 --> 20
196 196 4 --> 1
192 142 3 --> 4
192 142 5 --> 1
102 5 91 --> 4
192 197 91 --> 1
104 142 3 --> 7
195 3 197 --> 1
3 91 265 --> 3
240 265 265 --> 4
6 125 195 --> 10
13 6 3 --> 1
13 6 5 --> 1
140 3 3 --> 1
6 102 91 --> 1
140 3 6 --> 8
146 3 146 --> 6
240 6 3 --> 1
146 3 142 --> 10
13 199 5 --> 37
91 192 91 --> 3
199 3 142 --> 1
142 175 104 --> 3
4 192 142 --> 1
196 220 6 --> 2
6 45 5 --> 1
102 33 125 --> 1
168 340 265 --> 1
265 3 175 --> 10
6 91 3 --> 17
91 91 5 --> 5
6 91 6 --> 13
6 91 4 --> 1
6 91 5 --> 61
78 78 168 --> 1
195 265 43 --> 1
4 4 13 --> 66
5 140 33 --> 1
146 175 142 --> 1
265 43 3 --> 819
146 175 146 --> 2
265 146 168 --> 22
146 3 3 --> 39
265 240 78 --> 16
91 120 6 --> 1
197 33 3 --> 1
195 340 3 --> 1
43 168 43 --> 26
197 192 33 --> 1
33 6 192 --> 4
142 3 196 --> 1
119 146 3 --> 1
175 142 142 --> 16
175 142 146 --> 6
5 5 142 --> 2
102 102 168 --> 1
3 5 240 --> 1
3 5 3 --> 16
142 13 3 --> 1
142 3 175 --> 16
5 6 265 --> 21
3 5 5 --> 23
196 196 102 --> 4
6 91 201 --> 3
33 5 33 --> 3
102 168 54 --> 4
5 33 6 --> 5
5 33 5 --> 10
192 5 5 --> 6
5 33 3 --> 3
192 192 120 --> 2
91 195 168 --> 1
168 78 78 --> 7
192 192 125 --> 5
91 91 197 --> 1
33 6 3 --> 1
192 125 125 --> 5
142 4 13 --> 3
3 6 174 --> 6
146 142 195 --> 1
5 13 221 --> 1
27 174 33 --> 1
3 265 265 --> 438
63 63 6 --> 7
5 140 197 --> 60
5 5 6 --> 21
6 197 140 --> 1
197 6 3 --> 1
197 6 5 --> 3
3 6 13 --> 1
119 146 142 --> 1
199 199 5 --> 6
201 220 199 --> 1
168 4 125 --> 1
265 4 265 --> 3
240 102 6 --> 1
195 3 168 --> 1
43 3 265 --> 729
168 168 78 --> 3
27 192 5 --> 1
102 6 102 --> 22
195 142 102 --> 1
43 195 3 --> 2
221 221 192 --> 4
43 195 168 --> 2
168 102 102 --> 1
63 5 5 --> 1
146 146 78 --> 5
3 102 13 --> 1
140 91 33 --> 1
3 146 168 --> 13
45 45 5 --> 11
140 140 142 --> 1
5 6 221 --> 1
168 168 5 --> 1
125 91 221 --> 1
192 6 168 --> 1
3 199 199 --> 6
5 195 206 --> 6
3 104 175 --> 21
168 168 6 --> 2
141 85 5 --> 2
146 146 265 --> 5
141 85 6 --> 1
6 5 6 --> 7
4 13 33 --> 2
6 5 5 --> 20
6 5 3 --> 14
258 311 240 --> 16
221 3 91 --> 1
13 5 197 --> 8
3 4 142 --> 1
175 175 142 --> 11
119 265 54 --> 20
3 221 120 --> 1
6 195 125 --> 1
78 146 142 --> 22
125 192 91 --> 2
78 146 146 --> 7
11 192 33 --> 1
195 125 5 --> 1
146 168 265 --> 47
175 191 122 --> 14
6 192 220 --> 1
142 119 142 --> 5
265 6 5 --> 3
13 265 265 --> 176
12 33 5 --> 1
197 192 125 --> 2
78 13 142 --> 1
3 175 3 --> 19
192 13 91 --> 1
78 13 146 --> 2
5 174 3 --> 1
195 195 102 --> 1
265 43 43 --> 70
142 78 102 --> 162
142 142 13 --> 2
265 6 265 --> 6
6 66 63 --> 6
125 5 168 --> 1
141 141 141 --> 1
102 168 168 --> 20
104 119 146 --> 2
85 141 141 --> 2
195 5 142 --> 1
91 240 102 --> 4
195 192 192 --> 1
195 192 195 --> 1
33 3 192 --> 3
3 3 162 --> 1
33 3 197 --> 1
3 3 168 --> 212
192 146 104 --> 1
240 5 197 --> 6
13 199 91 --> 1
3 175 142 --> 22
192 102 5 --> 1
3 175 146 --> 4
192 102 3 --> 1
192 221 197 --> 1
104 142 265 --> 26
13 13 78 --> 350
27 3 5 --> 1
142 78 6 --> 8
27 3 3 --> 1
140 91 196 --> 1
4 54 102 --> 1
140 91 192 --> 1
192 3 174 --> 1
174 11 45 --> 6
5 168 265 --> 1
3 197 102 --> 1
66 197 6 --> 1
43 265 43 --> 44
168 168 3 --> 267
6 3 102 --> 1
91 6 6 --> 10
91 6 4 --> 2
91 6 5 --> 23
125 268 45 --> 2
6 265 265 --> 6
5 4 91 --> 1
142 146 265 --> 10
265 3 168 --> 542
265 102 168 --> 22
78 142 146 --> 26
78 142 142 --> 65
102 78 6 --> 2
192 142 146 --> 1
102 4 4 --> 1
192 142 142 --> 2
3 5 102 --> 5
265 265 142 --> 65
265 265 146 --> 30
240 78 240 --> 57
146 175 175 --> 2
5 195 91 --> 2
60 102 195 --> 1
125 3 91 --> 1
78 240 265 --> 8
33 33 5 --> 5
265 54 265 --> 12
33 5 140 --> 34
175 265 3 --> 15
199 201 5 --> 12
174 5 221 --> 2
4 240 13 --> 27
78 3 3 --> 2
240 168 240 --> 1
33 78 265 --> 1
3 196 196 --> 1
91 258 311 --> 16
175 142 175 --> 6
91 3 13 --> 4
4 102 6 --> 2
13 78 78 --> 24
340 3 3 --> 1
6 13 33 --> 1
5 102 142 --> 2
174 197 142 --> 1
5 102 140 --> 1
197 195 3 --> 1
102 91 199 --> 1
221 27 102 --> 1
192 3 142 --> 2
192 3 140 --> 8
192 3 146 --> 4
85 85 141 --> 5
13 265 78 --> 4
3 6 102 --> 4
3 6 3 --> 7
3 6 5 --> 18
3 6 6 --> 2
27 174 27 --> 50
168 265 6 --> 3
168 102 265 --> 13
91 5 192 --> 4
168 265 3 --> 1761
91 5 197 --> 55
13 33 102 --> 1
175 104 3 --> 3
6 91 102 --> 20
192 192 201 --> 1
6 122 268 --> 1
197 168 199 --> 1
125 45 3 --> 1
4 5 142 --> 2
192 91 4 --> 1
192 91 5 --> 2
5 12 63 --> 1
192 91 3 --> 1
240 13 265 --> 13
78 4 4 --> 23
142 146 13 --> 1
240 265 13 --> 5
197 6 125 --> 2
146 265 3 --> 9
13 102 33 --> 1
91 104 104 --> 1
5 197 33 --> 2
5 5 192 --> 11
5 5 195 --> 25
5 5 197 --> 21
78 78 240 --> 17
13 146 102 --> 1
125 197 102 --> 1
6 6 168 --> 2
192 6 192 --> 14
192 6 195 --> 1
192 6 197 --> 1
125 195 168 --> 1
13 4 240 --> 91
91 197 102 --> 1
168 265 292 --> 1
175 3 146 --> 1
175 3 142 --> 15
6 125 5 --> 21
6 125 3 --> 8
196 4 3 --> 1
125 140 197 --> 1
240 240 174 --> 16
3 3 13 --> 46
192 3 91 --> 5
220 5 197 --> 1
5 3 13 --> 3
13 3 13 --> 1
5 240 192 --> 1
141 141 85 --> 2
142 104 175 --> 6
13 5 142 --> 2
4 3 168 --> 1
142 265 3 --> 41
240 240 78 --> 43
6 4 6 --> 1
6 4 5 --> 1
6 4 3 --> 1
4 6 91 --> 7
146 168 3 --> 53
142 6 13 --> 1
168 5 168 --> 1
5 63 63 --> 3
6 33 192 --> 13
192 265 175 --> 1
6 33 197 --> 1
3 142 192 --> 2
196 102 142 --> 2
45 33 192 --> 11
5 125 33 --> 2
146 104 104 --> 3
6 168 5 --> 2
268 45 199 --> 1
104 142 119 --> 1
91 142 13 --> 1
146 195 142 --> 2
197 140 13 --> 1
3 3 33 --> 1
142 142 146 --> 27
140 27 3 --> 1
3 175 175 --> 16
142 142 142 --> 97
199 102 197 --> 1
140 27 5 --> 1
4 78 13 --> 413
5 3 6 --> 14
102 91 6 --> 2
6 192 142 --> 1
5 13 102 --> 22
3 91 240 --> 1
3 102 142 --> 1
102 195 102 --> 1
78 78 3 --> 6
3 140 33 --> 1
78 78 4 --> 9
240 265 240 --> 26
174 27 6 --> 21
5 63 5 --> 1
104 265 192 --> 1
168 240 3 --> 2
3 6 292 --> 1
168 265 195 --> 2
3 146 3 --> 11
33 5 125 --> 4
11 192 5 --> 1
102 168 3 --> 2
102 168 5 --> 3
102 168 4 --> 1
104 265 175 --> 6
104 3 104 --> 8
104 104 119 --> 2
192 3 201 --> 1
168 146 265 --> 28
240 240 265 --> 17
3 142 175 --> 4
33 102 102 --> 2
5 192 197 --> 3
114 114 162 --> 10
5 192 192 --> 8
4 168 3 --> 2
265 265 265 --> 1511
78 78 102 --> 35
102 221 142 --> 1
102 195 78 --> 6
265 146 104 --> 5
104 3 3 --> 113
6 192 91 --> 1
43 43 265 --> 15
66 5 33 --> 1
192 140 4 --> 1
125 125 140 --> 2
168 168 340 --> 3
174 57 175 --> 6
146 175 3 --> 2
102 6 13 --> 1
5 6 6 --> 6
3 5 85 --> 1
5 6 4 --> 2
5 6 5 --> 19
5 6 3 --> 3
6 91 27 --> 2
85 85 85 --> 37
174 6 41 --> 4
4 142 4 --> 1
4 142 6 --> 1
175 192 3 --> 2
174 174 6 --> 2
4 142 3 --> 12
5 102 174 --> 1
5 91 192 --> 2
142 199 3 --> 1
195 195 3 --> 1
195 195 5 --> 13
192 102 91 --> 1
265 43 195 --> 21
4 221 142 --> 1
243 125 125 --> 13
6 11 33 --> 1
102 168 91 --> 1
78 102 195 --> 6
168 102 13 --> 1
146 3 192 --> 1
265 340 43 --> 1
3 142 91 --> 2
197 125 125 --> 3
12 174 6 --> 4
78 6 102 --> 2
201 6 5 --> 1
102 195 91 --> 1
125 3 3 --> 3
5 265 168 --> 1
4 265 13 --> 10
63 63 33 --> 1
125 3 5 --> 1
195 3 13 --> 1
102 102 146 --> 3
102 102 142 --> 4
192 142 13 --> 1
192 192 3 --> 5
192 91 192 --> 3
192 192 6 --> 136
192 125 268 --> 1
5 195 195 --> 14
6 196 196 --> 4
6 27 5 --> 1
91 6 13 --> 2
5 201 102 --> 1
142 4 192 --> 1
340 43 168 --> 2
85 5 141 --> 2
142 33 102 --> 1
6 268 6 --> 1
3 102 197 --> 1
3 102 195 --> 1
13 5 201 --> 1
3 192 142 --> 6
3 146 146 --> 5
3 192 146 --> 1
3 146 142 --> 17
265 175 265 --> 4
265 168 195 --> 4
4 78 4 --> 29
5 195 221 --> 1
142 265 265 --> 30
33 192 33 --> 12
27 5 13 --> 1
199 197 91 --> 1
175 3 175 --> 10
3 125 6 --> 1
3 125 5 --> 2
197 199 197 --> 14
3 125 3 --> 1
240 13 13 --> 43
91 6 192 --> 2
91 6 196 --> 4
102 199 13 --> 1
221 142 142 --> 1
91 6 195 --> 3
3 13 13 --> 1
192 140 142 --> 1
197 4 3 --> 1
168 199 102 --> 1
168 6 168 --> 2
199 6 102 --> 1
102 13 78 --> 11
197 192 140 --> 58
168 265 43 --> 810
102 146 195 --> 1
43 265 3 --> 32
142 142 33 --> 2
3 197 5 --> 1
192 140 91 --> 54
6 66 45 --> 1
3 197 3 --> 2
119 265 104 --> 1
142 4 174 --> 1
91 265 265 --> 3
146 78 195 --> 1
3 54 265 --> 1
91 13 142 --> 1
3 13 197 --> 1
91 4 91 --> 1
6 6 11 --> 5
3 91 125 --> 1
5 192 3 --> 14
195 168 54 --> 2
168 265 5 --> 18
3 13 199 --> 39
197 5 3 --> 3
221 221 102 --> 8
104 175 142 --> 6
168 43 3 --> 26
104 142 104 --> 8
125 91 192 --> 3
146 6 102 --> 1
6 54 54 --> 4
196 4 33 --> 1
197 3 140 --> 1
3 3 142 --> 56
13 33 13 --> 1
43 3 195 --> 1
3 3 146 --> 83
197 5 6 --> 1
104 146 3 --> 2
175 175 104 --> 2
102 142 174 --> 1
140 142 3 --> 1
3 4 265 --> 1
6 192 174 --> 1
33 91 91 --> 1
140 142 4 --> 2
33 3 6 --> 2
240 4 13 --> 41
142 6 5 --> 1
33 3 3 --> 5
142 6 3 --> 1
13 33 5 --> 4
91 104 265 --> 1
33 192 3 --> 2
3 4 168 --> 1
33 192 6 --> 6
33 192 5 --> 4
3 5 142 --> 2
265 142 265 --> 81
102 78 195 --> 1
5 221 220 --> 6
168 3 265 --> 202
265 4 78 --> 17
102 3 142 --> 1
91 146 265 --> 1
5 78 162 --> 1
3 4 33 --> 1
221 192 192 --> 3
6 5 63 --> 4
104 104 104 --> 2
199 5 5 --> 3
199 5 4 --> 3
265 3 104 --> 12
19 168 168 --> 1
199 5 3 --> 1
102 91 192 --> 1
3 5 125 --> 1
4 265 168 --> 1
142 4 91 --> 1
146 3 265 --> 17
142 119 104 --> 1
78 240 240 --> 132
5 192 142 --> 1
13 102 13 --> 10
13 102 12 --> 1
265 91 175 --> 1
142 142 195 --> 4
3 43 43 --> 3
91 192 102 --> 1
146 146 3 --> 6
142 142 192 --> 1
6 3 125 --> 1
3 5 91 --> 7
265 192 104 --> 1
33 192 125 --> 3
146 104 265 --> 70
102 102 3 --> 8
4 240 78 --> 24
5 102 168 --> 3
43 3 3 --> 29
91 3 33 --> 1
13 78 13 --> 337
91 175 265 --> 1
119 146 265 --> 1
197 33 33 --> 1
142 3 142 --> 57
142 3 146 --> 8
195 102 3 --> 1
33 13 142 --> 1
91 27 102 --> 2
265 91 3 --> 1
195 102 6 --> 1
13 199 6 --> 1
311 240 240 --> 16
13 199 3 --> 1
168 3 3 --> 182
220 220 6 --> 4
168 3 6 --> 4
168 3 5 --> 1
168 3 4 --> 1
91 221 91 --> 1
119 142 119 --> 1
221 140 4 --> 1
5 221 197 --> 1
142 104 104 --> 5
197 6 33 --> 1
168 240 168 --> 1
119 91 3 --> 1
125 197 192 --> 2
120 6 91 --> 1
13 140 13 --> 1
6 292 3 --> 1
125 268 91 --> 1
3 6 125 --> 3
3 240 5 --> 6
5 91 13 --> 1
6 11 45 --> 4
6 13 13 --> 2
175 142 119 --> 3
4 33 197 --> 1
174 174 102 --> 3
43 168 340 --> 2
195 340 265 --> 2
199 199 199 --> 6
240 265 78 --> 3
78 13 102 --> 1
125 91 5 --> 21
4 102 3 --> 2
168 91 5 --> 1
125 91 3 --> 8
146 265 104 --> 1
54 54 54 --> 8
6 265 5 --> 6
6 142 78 --> 5
102 221 221 --> 8
102 3 5 --> 7
220 6 3 --> 4
4 265 4 --> 10
33 5 5 --> 4
13 265 13 --> 9
125 91 91 --> 1
3 104 104 --> 6
5 162 91 --> 1
268 45 206 --> 1
146 102 146 --> 5
146 102 142 --> 5
140 13 102 --> 3
5 85 5 --> 1
102 91 5 --> 2
102 91 3 --> 2
268 45 197 --> 1
5 85 3 --> 1
140 197 91 --> 1
175 175 192 --> 1
141 141 5 --> 1
146 142 142 --> 35
142 4 221 --> 1
66 63 63 --> 5
146 142 146 --> 12
13 4 78 --> 435
13 140 142 --> 1
174 175 191 --> 14
240 13 4 --> 510
5 102 3 --> 1
168 168 168 --> 1183
5 102 5 --> 1
33 33 201 --> 1
5 102 4 --> 1
4 33 3 --> 3
13 78 4 --> 20
192 243 125 --> 12
192 125 102 --> 1
5 102 6 --> 1
192 3 192 --> 2
5 197 125 --> 1
78 5 162 --> 1
13 102 3 --> 5
3 197 195 --> 1
13 102 6 --> 31
13 102 5 --> 20
13 102 4 --> 4
3 91 33 --> 3
78 240 78 --> 8
197 5 5 --> 4
91 33 91 --> 1
142 4 142 --> 14
175 175 265 --> 17
13 142 142 --> 2
85 5 3 --> 1
122 3 5 --> 1
146 3 91 --> 1
5 142 142 --> 4
122 3 3 --> 1
141 5 5 --> 2
265 78 78 --> 4
142 119 265 --> 24
192 91 33 --> 2
175 119 265 --> 2
175 192 142 --> 1
102 3 6 --> 2
33 5 3 --> 91
102 3 3 --> 12
33 5 4 --> 3
33 197 33 --> 2
33 5 6 --> 1
122 268 5 --> 1
91 265 3 --> 1
122 268 3 --> 2
4 240 5 --> 1
4 240 4 --> 36
240 13 240 --> 97
6 78 78 --> 21
221 102 195 --> 1
6 168 168 --> 5
162 162 114 --> 49
140 91 142 --> 1
3 3 199 --> 8
3 3 192 --> 4
3 3 195 --> 6
3 3 197 --> 1
3 3 196 --> 1
119 265 265 --> 22
78 240 13 --> 24
91 146 3 --> 1
6 6 5 --> 6
119 3 3 --> 2
6 6 6 --> 63
6 6 3 --> 4
91 78 162 --> 1
102 91 168 --> 1
192 6 33 --> 112
197 102 91 --> 1
221 220 196 --> 2
142 119 91 --> 2
142 175 146 --> 2
27 102 199 --> 1
33 5 102 --> 1
142 175 142 --> 11
162 5 197 --> 3
6 33 13 --> 2
6 102 78 --> 4
4 221 91 --> 1
140 197 142 --> 1
192 5 192 --> 4
146 78 168 --> 1
104 104 175 --> 1
192 5 196 --> 1
192 5 197 --> 5
199 102 3 --> 2
192 5 195 --> 1
102 168 195 --> 2
206 5 5 --> 1
102 168 192 --> 1
243 141 5 --> 1
265 265 119 --> 4
4 4 102 --> 1
6 102 195 --> 1
4 4 54 --> 1
3 4 102 --> 1
265 91 104 --> 1
78 168 168 --> 2
102 6 33 --> 6
125 201 6 --> 1
13 78 142 --> 4
6 91 91 --> 6
140 102 3 --> 1
3 196 142 --> 1
45 192 6 --> 1
265 102 265 --> 67
265 3 265 --> 1730
125 3 192 --> 2
6 91 240 --> 9
3 265 119 --> 26
168 195 5 --> 2
168 195 6 --> 1
195 5 33 --> 1
102 197 142 --> 1
168 195 3 --> 4
5 13 91 --> 1
265 265 240 --> 173
206 3 3 --> 1
43 168 195 --> 3
102 102 33 --> 1
91 3 6 --> 13
91 3 5 --> 10
91 3 4 --> 1
91 3 3 --> 16
43 195 265 --> 1
3 195 221 --> 1
6 5 125 --> 2
6 4 91 --> 1
168 4 3 --> 1
102 142 78 --> 31
119 146 104 --> 1
265 340 340 --> 1
175 142 104 --> 5
91 3 104 --> 7
174 174 175 --> 15
174 174 174 --> 202
168 43 43 --> 4
91 102 13 --> 2
201 102 142 --> 1
199 3 102 --> 1
91 6 33 --> 2
3 168 78 --> 6
102 142 13 --> 3
6 78 13 --> 1
265 78 265 --> 2
5 140 221 --> 1
3 175 91 --> 5
199 91 3 --> 2
192 265 3 --> 1
195 168 265 --> 2
78 142 195 --> 1
5 3 125 --> 1
6 243 125 --> 1
3 3 43 --> 7
78 13 4 --> 35
3 13 33 --> 1
3 91 146 --> 2
3 192 3 --> 9
3 192 5 --> 2
3 192 6 --> 5
4 240 240 --> 223
78 146 78 --> 70
78 146 102 --> 4
221 91 199 --> 1
192 140 13 --> 1
125 5 5 --> 7
125 5 6 --> 2
27 174 174 --> 3
91 5 125 --> 1
125 5 3 --> 12
91 13 199 --> 1
91 197 91 --> 1
142 174 5 --> 1
168 78 168 --> 1
5 91 197 --> 1
5 91 195 --> 1
85 3 5 --> 1
54 142 3 --> 1
33 125 268 --> 1
13 192 91 --> 1
27 6 199 --> 19
13 142 4 --> 3
120 4 4 --> 1
3 162 197 --> 1
125 5 125 --> 3
142 78 146 --> 65
102 197 102 --> 1
142 78 142 --> 70
206 5 6 --> 6
5 140 91 --> 1
6 199 13 --> 3
102 5 192 --> 1
91 5 91 --> 3
3 195 5 --> 10
3 195 3 --> 2
168 146 3 --> 40
41 6 5 --> 4
78 78 78 --> 121
192 125 3 --> 4
91 5 33 --> 2
3 91 104 --> 2
12 63 174 --> 1
142 146 195 --> 3
78 4 78 --> 9
168 3 91 --> 1
125 6 125 --> 1
6 6 33 --> 2
175 265 104 --> 3
91 175 91 --> 1
5 168 5 --> 2
221 3 142 --> 1
5 168 6 --> 2
265 13 240 --> 35
3 195 43 --> 1
4 13 91 --> 1
197 243 141 --> 1
196 102 221 --> 4
340 168 265 --> 9
168 195 340 --> 3
195 195 91 --> 2
4 5 5 --> 2
265 119 142 --> 2
265 4 13 --> 13
265 119 146 --> 3
4 5 3 --> 1
3 104 265 --> 20
240 4 78 --> 34
174 102 142 --> 1
104 119 104 --> 1
142 175 175 --> 4
13 142 78 --> 3
33 33 102 --> 1
195 102 146 --> 1
5 141 141 --> 1
6 125 125 --> 14
104 265 142 --> 60
104 265 146 --> 5
142 142 265 --> 52
91 3 240 --> 1
146 78 78 --> 69
3 142 142 --> 53
175 146 265 --> 1
3 142 146 --> 8
197 33 197 --> 1
5 142 197 --> 1
197 33 192 --> 2
265 265 104 --> 21
13 91 142 --> 1
195 102 78 --> 1
3 175 104 --> 8
142 146 175 --> 4
78 265 265 --> 2
102 13 195 --> 1
168 5 13 --> 1
141 85 85 --> 5
125 125 197 --> 2
91 5 141 --> 1
125 125 192 --> 2
13 102 78 --> 2
168 195 168 --> 1
102 6 27 --> 1
91 192 125 --> 2
27 174 5 --> 1
27 174 4 --> 1
3 168 168 --> 475
268 6 6 --> 1
192 120 6 --> 3
142 78 78 --> 77
3 5 78 --> 2
4 168 195 --> 1
122 268 45 --> 11
195 78 78 --> 9
91 174 4 --> 1
5 102 102 --> 4
240 3 265 --> 1
221 102 221 --> 4
102 3 91 --> 3
33 13 5 --> 1
33 6 122 --> 1
3 265 104 --> 10
125 125 268 --> 1
78 240 4 --> 25
3 91 3 --> 13
197 3 192 --> 2
3 91 5 --> 14
168 265 146 --> 14
3 91 6 --> 1
175 146 119 --> 1
102 3 125 --> 1
4 13 102 --> 19
102 4 221 --> 1
265 146 3 --> 17
91 4 125 --> 1
175 142 3 --> 9
140 4 3 --> 2
45 5 4 --> 1
5 6 168 --> 6
192 33 6 --> 3
192 33 5 --> 21
168 192 6 --> 1
197 3 221 --> 1
102 102 195 --> 1
102 102 196 --> 1
240 240 4 --> 84
102 102 192 --> 1
3 78 265 --> 3
11 45 33 --> 11
3 146 265 --> 12
221 220 220 --> 4
5 220 3 --> 2
6 41 41 --> 4
192 6 54 --> 4
85 85 5 --> 2
85 85 6 --> 2
85 85 3 --> 1
146 175 265 --> 5
220 3 3 --> 1
220 3 5 --> 1
102 265 168 --> 18
3 6 33 --> 2
168 5 5 --> 1
102 5 33 --> 1
168 5 6 --> 6
340 265 265 --> 1
5 33 192 --> 2
192 125 91 --> 4
168 4 265 --> 1
5 33 197 --> 1
91 142 265 --> 3
3 192 13 --> 1
195 3 265 --> 3
5 33 33 --> 1
221 221 27 --> 3
142 195 142 --> 2
221 142 192 --> 1
3 192 192 --> 9
199 201 13 --> 7
175 142 265 --> 18
3 221 192 --> 1
142 5 102 --> 1
125 192 6 --> 1
125 192 5 --> 2
78 102 142 --> 25
78 102 146 --> 5
5 91 3 --> 5
91 140 174 --> 1
195 3 195 --> 1
5 91 6 --> 5
5 91 5 --> 7
13 4 13 --> 43
197 192 168 --> 1
13 240 13 --> 43
197 33 5 --> 2
340 3 168 --> 3
91 6 142 --> 12
168 168 146 --> 112
13 5 102 --> 1
78 4 240 --> 31
192 125 122 --> 1
5 197 102 --> 3
192 3 33 --> 1
265 43 340 --> 1
142 102 142 --> 17
221 6 102 --> 1
142 102 146 --> 3
102 5 6 --> 1
60 60 12 --> 4
125 6 33 --> 1
78 78 265 --> 3
125 220 3 --> 1
13 195 78 --> 1
3 91 13 --> 1
3 13 140 --> 1
6 125 192 --> 1
3 13 142 --> 3
197 3 6 --> 15
197 3 3 --> 6
142 175 3 --> 9
3 3 265 --> 175
146 195 78 --> 2
78 168 3 --> 2
13 240 4 --> 37
240 5 125 --> 1
3 340 43 --> 1
240 78 168 --> 1
3 196 91 --> 1
265 6 168 --> 3
195 195 195 --> 7
265 240 265 --> 4
33 3 102 --> 1
142 6 102 --> 3
5 13 142 --> 1
221 192 91 --> 1
125 6 3 --> 1
102 168 265 --> 20
43 340 265 --> 1
102 91 140 --> 1
195 142 78 --> 5
102 91 91 --> 7
192 5 201 --> 1
6 33 33 --> 4
4 240 6 --> 1
195 43 3 --> 1
33 125 192 --> 1
265 104 119 --> 1
102 3 195 --> 1
6 174 174 --> 6
13 91 102 --> 1
192 33 91 --> 1
4 4 4 --> 578
4 102 142 --> 2
4 4 3 --> 29
6 102 13 --> 2
146 78 142 --> 18
125 6 102 --> 1
146 78 146 --> 7
33 102 142 --> 1
5 220 199 --> 1
197 102 102 --> 4
195 91 33 --> 2
174 27 196 --> 1
102 142 142 --> 14
102 142 146 --> 4
142 192 142 --> 2
6 5 91 --> 4
196 102 4 --> 1
195 6 6 --> 1
5 221 102 --> 1
195 6 5 --> 1
6 5 192 --> 13
6 265 168 --> 12
3 5 199 --> 1
197 192 91 --> 2
6 5 197 --> 19
6 5 195 --> 1
78 102 6 --> 18
3 5 192 --> 5
3 5 197 --> 9
195 265 168 --> 1
4 13 265 --> 10
102 5 13 --> 8
3 142 102 --> 1
4 168 168 --> 1
33 221 3 --> 1
142 3 119 --> 2
240 168 78 --> 2
78 3 78 --> 3
192 3 199 --> 1
221 27 174 --> 25
3 175 265 --> 12
3 197 192 --> 129
13 13 265 --> 10
192 3 195 --> 7
192 3 197 --> 2
192 3 3 --> 62
268 5 6 --> 1
192 3 5 --> 16
192 3 6 --> 44
78 240 168 --> 1
78 265 240 --> 9
340 43 43 --> 1
168 102 6 --> 1
5 6 192 --> 6
3 104 146 --> 2
4 4 78 --> 12
102 91 102 --> 1
78 78 6 --> 4
13 221 102 --> 1
5 192 33 --> 6
104 3 265 --> 19
199 5 142 --> 1
119 146 175 --> 2
199 5 140 --> 31
102 13 142 --> 3
102 13 140 --> 1
3 201 206 --> 1
104 146 142 --> 2
265 4 168 --> 1
6 192 33 --> 1
102 4 102 --> 1
102 5 195 --> 2
102 5 197 --> 18
13 142 6 --> 1
5 162 5 --> 3
125 140 27 --> 1
4 199 91 --> 1
201 13 5 --> 7
5 12 33 --> 1
340 340 168 --> 1
91 199 197 --> 1
142 33 142 --> 1
174 174 11 --> 6
4 33 142 --> 1
140 5 5 --> 1
192 104 265 --> 2
6 11 192 --> 1
199 197 3 --> 15
3 33 142 --> 2
3 102 91 --> 2
78 265 4 --> 6
78 265 3 --> 1
4 240 265 --> 9
174 5 5 --> 1
5 3 33 --> 4
168 6 6 --> 1
27 142 199 --> 1
91 5 102 --> 4
192 33 125 --> 3
140 3 13 --> 1
45 6 5 --> 1
13 6 91 --> 1
13 102 140 --> 1
13 102 142 --> 9
78 162 5 --> 1
102 192 13 --> 1
146 146 119 --> 1
125 125 91 --> 33
140 13 5 --> 1
240 192 3 --> 2
142 142 78 --> 62
43 43 43 --> 3
265 5 5 --> 4
102 12 5 --> 1
91 197 5 --> 2
6 6 192 --> 4
91 197 3 --> 2
6 6 197 --> 1
