162 5 3 --> 1
3 3 5 --> 22
122 268 45 --> 2
140 91 6 --> 23
3 3 3 --> 433
168 43 195 --> 1
5 33 63 --> 1
6 33 125 --> 2
85 195 6 --> 1
85 195 5 --> 2
120 120 7 --> 3
120 120 6 --> 2
104 142 146 --> 3
221 195 45 --> 1
104 142 142 --> 17
4 3 33 --> 1
265 265 43 --> 17
102 196 102 --> 6
78 265 13 --> 4
309 27 6 --> 3
309 27 5 --> 3
85 196 85 --> 1
168 78 146 --> 3
265 142 119 --> 1
197 192 3 --> 91
197 192 4 --> 2
197 192 5 --> 3
175 195 33 --> 2
3 3 6 --> 68
265 340 340 --> 1
6 13 197 --> 1
172 6 63 --> 1
3 125 125 --> 3
5 85 102 --> 1
54 168 240 --> 1
265 5 102 --> 5
265 104 104 --> 3
120 6 3 --> 1
5 199 175 --> 1
120 6 6 --> 2
195 85 102 --> 5
5 10 85 --> 1
146 13 78 --> 2
195 5 125 --> 1
33 5 221 --> 7
6 125 102 --> 1
102 195 195 --> 3
3 142 175 --> 2
309 196 5 --> 1
102 195 196 --> 2
200 33 5 --> 1
175 33 5 --> 2
142 3 3 --> 52
192 4 174 --> 2
104 104 142 --> 7
33 6 5 --> 1
268 45 45 --> 2
27 265 309 --> 1
175 91 265 --> 1
258 311 91 --> 1
197 199 5 --> 1
102 142 265 --> 18
43 265 168 --> 24
265 146 265 --> 17
175 3 4 --> 1
265 27 6 --> 1
10 10 309 --> 1
265 27 5 --> 1
78 6 13 --> 4
168 4 78 --> 3
4 175 175 --> 2
195 265 195 --> 1
221 102 142 --> 11
27 85 27 --> 2
3 265 43 --> 66
4 307 221 --> 1
85 27 10 --> 1
195 78 13 --> 3
6 309 102 --> 9
142 3 104 --> 12
91 221 3 --> 1
265 27 309 --> 1
142 3 102 --> 2
10 309 10 --> 1
195 13 13 --> 1
168 240 102 --> 1
265 13 78 --> 4
162 142 3 --> 1
13 5 78 --> 1
265 85 309 --> 2
142 102 6 --> 7
142 102 3 --> 2
168 265 168 --> 858
3 265 146 --> 10
142 104 146 --> 3
6 102 142 --> 15
5 309 195 --> 2
5 309 196 --> 2
6 102 146 --> 1
6 192 3 --> 1
6 192 5 --> 3
6 192 6 --> 2
43 168 168 --> 51
6 10 27 --> 1
54 146 168 --> 1
102 102 66 --> 1
265 196 102 --> 1
102 6 7 --> 2
3 195 340 --> 1
175 33 175 --> 1
78 78 195 --> 15
5 221 140 --> 7
43 265 340 --> 2
175 54 175 --> 5
104 3 3 --> 22
196 195 196 --> 1
3 78 240 --> 2
197 192 6 --> 47
146 142 78 --> 30
3 240 78 --> 2
4 195 45 --> 1
104 104 3 --> 5
140 197 5 --> 1
5 197 91 --> 3
5 102 309 --> 31
146 265 146 --> 7
85 195 102 --> 13
146 265 142 --> 7
5 195 102 --> 1
196 142 102 --> 1
195 102 102 --> 12
6 91 142 --> 1
265 340 265 --> 3
91 91 125 --> 2
43 168 3 --> 21
78 102 78 --> 240
265 175 91 --> 1
175 146 119 --> 1
195 85 85 --> 30
195 91 5 --> 1
195 91 3 --> 1
5 102 85 --> 3
221 6 4 --> 2
3 3 78 --> 5
5 91 33 --> 2
221 3 6 --> 1
196 5 102 --> 2
220 196 220 --> 2
162 197 5 --> 1
45 3 3 --> 1
3 64 195 --> 1
146 142 104 --> 2
78 102 168 --> 2
146 142 102 --> 6
265 265 85 --> 1
3 221 221 --> 1
3 45 175 --> 1
309 10 102 --> 6
5 3 91 --> 10
91 196 3 --> 2
309 10 27 --> 2
162 3 3 --> 2
192 125 140 --> 1
195 27 102 --> 1
197 3 91 --> 4
142 78 195 --> 17
195 195 265 --> 4
102 3 5 --> 1
168 43 168 --> 36
142 13 78 --> 7
240 240 265 --> 10
6 221 33 --> 1
142 192 91 --> 1
125 6 6 --> 1
125 6 5 --> 4
168 3 43 --> 24
265 168 3 --> 217
3 3 240 --> 1
91 33 5 --> 8
91 33 3 --> 1
221 63 45 --> 1
142 265 142 --> 67
3 199 102 --> 1
13 78 265 --> 2
195 10 85 --> 1
5 3 199 --> 1
5 3 192 --> 24
5 3 197 --> 159
5 3 195 --> 5
265 142 102 --> 13
3 3 91 --> 18
196 102 85 --> 5
78 4 265 --> 4
221 175 195 --> 2
27 5 85 --> 1
142 221 5 --> 1
6 192 125 --> 2
33 3 125 --> 2
120 7 7 --> 2
125 125 258 --> 9
309 196 265 --> 2
102 309 265 --> 2
33 195 175 --> 1
3 192 33 --> 1
85 196 5 --> 2
195 175 201 --> 1
85 196 6 --> 1
265 6 309 --> 1
102 78 142 --> 41
27 196 309 --> 1
3 192 5 --> 5
5 125 192 --> 2
102 27 265 --> 1
102 309 27 --> 20
5 125 195 --> 1
102 140 91 --> 1
85 196 102 --> 8
142 13 142 --> 7
120 6 7 --> 1
142 91 3 --> 1
4 5 5 --> 1
85 102 27 --> 9
5 85 85 --> 1
142 91 6 --> 3
142 91 5 --> 1
168 168 43 --> 35
196 102 309 --> 4
5 78 240 --> 1
125 102 142 --> 1
240 4 240 --> 45
78 195 102 --> 5
10 6 27 --> 1
4 4 142 --> 1
125 6 192 --> 1
45 175 5 --> 1
142 146 142 --> 28
142 146 146 --> 3
4 78 78 --> 11
78 13 13 --> 344
196 10 27 --> 1
265 240 240 --> 104
265 102 196 --> 2
265 102 195 --> 1
191 54 175 --> 1
3 4 142 --> 1
142 4 4 --> 1
309 195 5 --> 6
142 4 6 --> 1
142 4 3 --> 2
85 309 309 --> 1
102 265 10 --> 3
195 221 195 --> 1
13 78 102 --> 2
33 192 192 --> 1
175 195 195 --> 8
3 197 33 --> 1
195 309 10 --> 2
27 309 309 --> 7
142 3 13 --> 2
175 175 91 --> 1
5 27 5 --> 4
33 5 140 --> 12
10 85 10 --> 1
195 168 3 --> 1
175 45 45 --> 3
196 6 195 --> 1
175 91 146 --> 1
142 142 3 --> 46
175 91 142 --> 1
142 142 6 --> 28
199 3 3 --> 3
125 102 221 --> 1
199 3 6 --> 1
13 13 240 --> 22
195 33 175 --> 1
309 6 10 --> 1
119 142 146 --> 1
66 60 140 --> 1
119 142 142 --> 1
27 120 6 --> 1
120 175 5 --> 1
142 3 265 --> 37
10 10 5 --> 1
175 5 45 --> 1
5 5 27 --> 4
102 102 78 --> 14
309 196 195 --> 1
6 27 195 --> 2
104 104 146 --> 1
4 265 78 --> 3
195 265 27 --> 3
5 265 102 --> 1
6 91 195 --> 34
5 6 91 --> 6
175 175 3 --> 4
6 91 199 --> 5
175 175 5 --> 11
175 175 4 --> 2
175 175 6 --> 2
102 4 168 --> 4
265 85 195 --> 1
33 6 6 --> 1
91 3 142 --> 1
6 78 146 --> 7
6 78 142 --> 21
309 309 195 --> 2
309 309 196 --> 1
6 4 33 --> 1
6 120 102 --> 1
4 197 192 --> 1
146 265 175 --> 1
63 63 63 --> 1
5 141 6 --> 1
5 192 3 --> 9
146 142 265 --> 9
5 192 6 --> 52
5 192 5 --> 10
125 258 311 --> 8
265 168 265 --> 438
196 6 10 --> 1
102 309 6 --> 4
27 102 27 --> 9
268 3 3 --> 2
78 142 13 --> 9
102 162 3 --> 1
195 175 195 --> 8
102 162 5 --> 1
174 125 175 --> 1
221 3 3 --> 18
102 309 195 --> 10
102 309 196 --> 6
240 91 3 --> 1
7 7 119 --> 2
175 175 307 --> 2
120 102 102 --> 5
5 102 5 --> 13
5 102 6 --> 3
91 4 197 --> 1
309 6 102 --> 1
3 6 192 --> 1
3 6 195 --> 8
3 6 196 --> 2
3 6 197 --> 2
78 4 102 --> 1
4 195 175 --> 1
91 192 3 --> 1
172 197 65 --> 1
78 5 192 --> 1
104 175 175 --> 1
102 7 120 --> 3
27 221 3 --> 18
5 195 3 --> 4
5 10 5 --> 1
114 162 114 --> 5
102 27 120 --> 2
168 102 168 --> 35
142 102 78 --> 43
114 162 162 --> 13
91 6 91 --> 4
63 5 5 --> 1
221 63 174 --> 1
125 197 3 --> 1
6 197 33 --> 1
125 197 6 --> 1
265 309 102 --> 3
91 195 5 --> 32
6 6 78 --> 7
91 195 3 --> 7
309 196 309 --> 2
199 195 5 --> 6
102 85 265 --> 9
175 265 142 --> 3
104 265 3 --> 10
27 102 5 --> 10
91 5 33 --> 3
196 265 102 --> 8
5 5 63 --> 1
195 142 142 --> 8
175 63 175 --> 2
195 192 5 --> 4
195 142 146 --> 1
195 192 3 --> 2
27 85 102 --> 10
119 104 175 --> 1
174 3 3 --> 1
175 175 120 --> 1
195 10 5 --> 1
168 340 43 --> 1
102 85 5 --> 3
168 340 340 --> 1
195 78 102 --> 5
91 5 3 --> 34
13 240 240 --> 60
196 5 309 --> 3
195 45 45 --> 1
146 195 78 --> 4
122 91 33 --> 2
311 174 122 --> 1
192 195 6 --> 1
104 265 104 --> 2
104 265 102 --> 2
192 195 3 --> 2
3 142 104 --> 13
195 5 102 --> 5
33 63 5 --> 1
6 91 45 --> 3
3 142 102 --> 4
196 27 195 --> 2
168 146 3 --> 16
78 13 265 --> 100
5 307 175 --> 3
265 309 27 --> 2
195 142 6 --> 3
195 6 192 --> 1
6 85 85 --> 2
5 162 3 --> 1
102 196 309 --> 2
7 27 102 --> 1
5 162 6 --> 1
102 195 265 --> 3
85 196 10 --> 1
162 91 197 --> 1
307 195 195 --> 1
45 175 175 --> 3
168 3 197 --> 1
10 102 5 --> 7
10 102 6 --> 1
78 6 78 --> 21
5 192 125 --> 11
78 168 240 --> 4
6 5 140 --> 4
199 102 102 --> 1
10 85 102 --> 2
3 5 33 --> 1
221 33 5 --> 1
13 13 13 --> 17
168 340 168 --> 9
4 174 174 --> 2
265 240 4 --> 21
197 91 195 --> 1
197 91 197 --> 1
91 5 6 --> 7
197 91 199 --> 1
3 91 102 --> 2
78 4 78 --> 19
168 146 168 --> 52
195 309 195 --> 2
195 309 196 --> 1
265 265 340 --> 2
175 7 175 --> 1
3 265 142 --> 43
45 200 5 --> 1
175 5 199 --> 1
162 91 3 --> 1
192 91 192 --> 1
175 5 195 --> 8
175 63 5 --> 1
5 5 33 --> 2
168 265 102 --> 11
27 195 6 --> 2
27 195 5 --> 1
196 85 309 --> 1
265 102 10 --> 1
4 142 102 --> 2
85 265 85 --> 2
146 195 195 --> 1
5 6 85 --> 1
102 6 120 --> 2
196 6 309 --> 1
102 102 85 --> 21
6 196 195 --> 2
3 43 3 --> 10
102 6 125 --> 1
91 91 6 --> 3
5 195 196 --> 1
142 175 265 --> 4
91 91 5 --> 18
5 6 125 --> 16
91 102 102 --> 3
6 91 6 --> 4
309 85 102 --> 7
6 27 7 --> 1
91 5 221 --> 3
195 5 195 --> 4
240 240 168 --> 1
3 33 33 --> 1
5 140 3 --> 1
91 3 91 --> 3
5 309 265 --> 1
4 142 142 --> 1
13 4 4 --> 39
85 85 10 --> 4
102 5 142 --> 1
221 102 6 --> 5
33 6 91 --> 2
195 5 192 --> 3
146 265 168 --> 20
3 43 168 --> 26
162 114 114 --> 3
307 5 195 --> 1
221 175 5 --> 4
240 78 13 --> 15
195 5 3 --> 15
3 195 168 --> 1
142 104 3 --> 16
195 5 5 --> 5
192 3 125 --> 1
102 6 265 --> 1
146 119 104 --> 1
221 63 5 --> 1
142 195 102 --> 4
192 5 33 --> 3
7 7 102 --> 8
102 27 10 --> 5
196 192 3 --> 1
195 195 309 --> 1
78 102 102 --> 17
6 3 91 --> 1
125 268 197 --> 1
102 6 197 --> 1
125 268 192 --> 1
120 6 102 --> 6
78 146 195 --> 3
146 146 168 --> 7
57 175 54 --> 5
85 309 102 --> 14
3 168 146 --> 16
102 7 119 --> 1
142 102 102 --> 14
102 66 20 --> 1
265 168 168 --> 841
265 4 5 --> 1
27 6 5 --> 1
4 196 102 --> 1
175 175 201 --> 2
102 196 6 --> 1
3 146 146 --> 1
195 146 142 --> 1
240 240 240 --> 122
265 265 4 --> 13
146 168 168 --> 44
4 307 5 --> 1
265 265 3 --> 124
265 168 340 --> 2
85 195 27 --> 2
174 172 102 --> 3
10 10 102 --> 3
91 142 91 --> 2
91 125 192 --> 1
7 7 27 --> 3
6 13 4 --> 1
195 85 196 --> 4
7 102 120 --> 4
309 309 85 --> 5
175 45 175 --> 1
3 195 91 --> 3
265 3 43 --> 9
5 10 102 --> 10
265 142 3 --> 44
196 5 85 --> 2
265 265 78 --> 7
102 120 102 --> 6
195 6 85 --> 1
142 195 6 --> 4
27 27 102 --> 3
85 265 196 --> 1
196 309 102 --> 6
168 168 102 --> 31
43 168 43 --> 14
91 3 192 --> 1
142 6 146 --> 1
142 6 142 --> 33
3 142 265 --> 34
307 5 45 --> 1
195 175 221 --> 3
240 240 13 --> 206
240 265 240 --> 10
119 265 3 --> 1
10 6 309 --> 1
199 192 3 --> 1
13 265 4 --> 5
120 27 7 --> 1
192 33 192 --> 3
199 5 3 --> 1
174 27 221 --> 18
309 5 5 --> 8
309 5 6 --> 1
196 199 195 --> 1
102 146 102 --> 4
4 6 78 --> 1
3 3 221 --> 18
5 196 309 --> 2
33 175 175 --> 4
3 13 102 --> 2
240 78 4 --> 28
3 33 5 --> 4
196 85 27 --> 1
27 102 265 --> 3
102 91 33 --> 1
146 78 6 --> 5
240 4 265 --> 8
78 195 6 --> 2
196 5 197 --> 4
140 197 192 --> 21
3 91 195 --> 3
5 125 91 --> 3
146 78 102 --> 8
27 5 10 --> 5
78 195 78 --> 19
27 5 195 --> 4
195 192 142 --> 1
175 119 175 --> 1
102 142 104 --> 1
102 142 102 --> 23
142 13 102 --> 4
104 265 265 --> 9
102 192 5 --> 1
309 196 85 --> 1
102 85 27 --> 3
125 268 5 --> 21
195 6 142 --> 4
125 268 3 --> 2
195 6 146 --> 1
3 168 195 --> 1
5 175 195 --> 3
5 27 27 --> 3
3 140 3 --> 2
122 120 6 --> 1
201 175 5 --> 2
102 102 162 --> 1
142 3 33 --> 1
33 6 33 --> 3
85 195 195 --> 6
27 85 10 --> 3
104 104 265 --> 3
3 125 3 --> 1
13 13 5 --> 1
13 13 4 --> 133
27 196 102 --> 1
195 6 13 --> 1
195 309 5 --> 1
268 5 197 --> 17
268 5 192 --> 2
309 102 195 --> 5
309 102 196 --> 4
3 175 221 --> 1
146 3 104 --> 2
265 4 4 --> 7
10 309 27 --> 1
307 5 6 --> 1
307 5 5 --> 1
175 175 119 --> 1
168 168 195 --> 8
195 196 102 --> 8
102 10 309 --> 5
10 27 27 --> 1
85 309 27 --> 2
201 175 195 --> 1
196 309 195 --> 1
197 65 102 --> 1
119 102 7 --> 1
4 91 91 --> 1
3 168 265 --> 267
102 195 309 --> 4
102 195 5 --> 5
175 146 142 --> 1
102 195 6 --> 2
33 6 3 --> 1
102 142 4 --> 11
221 221 221 --> 34
102 142 6 --> 11
175 5 63 --> 2
102 142 3 --> 4
3 195 192 --> 1
102 195 10 --> 1
6 91 13 --> 7
309 102 85 --> 17
102 78 78 --> 234
6 33 3 --> 6
6 33 6 --> 4
6 33 5 --> 112
102 4 142 --> 1
168 3 168 --> 470
102 13 102 --> 16
91 3 162 --> 1
125 125 122 --> 1
125 125 125 --> 111
27 196 5 --> 3
5 45 175 --> 1
43 3 43 --> 7
175 120 63 --> 1
102 102 309 --> 68
5 175 175 --> 4
3 162 3 --> 2
192 140 142 --> 1
10 5 85 --> 1
5 5 102 --> 16
5 192 91 --> 7
102 102 120 --> 2
174 174 57 --> 5
10 195 85 --> 2
5 6 221 --> 2
195 45 307 --> 1
85 5 309 --> 5
265 27 102 --> 1
5 102 195 --> 4
5 102 196 --> 2
60 140 102 --> 1
43 265 265 --> 14
4 4 33 --> 1
174 122 120 --> 1
309 195 10 --> 1
195 3 142 --> 1
78 142 78 --> 538
3 168 43 --> 24
43 168 265 --> 43
91 142 146 --> 1
13 6 102 --> 1
85 195 85 --> 115
6 142 146 --> 9
27 195 10 --> 2
6 142 142 --> 24
195 340 340 --> 1
85 196 265 --> 4
78 146 13 --> 2
10 309 85 --> 1
91 195 91 --> 1
13 3 3 --> 1
196 195 27 --> 1
91 5 140 --> 6
168 78 3 --> 8
168 78 4 --> 3
102 146 78 --> 10
6 120 120 --> 1
102 265 3 --> 5
192 125 192 --> 4
197 125 125 --> 2
192 125 195 --> 1
4 168 102 --> 2
45 33 192 --> 5
5 3 45 --> 1
5 221 195 --> 1
102 7 102 --> 3
85 10 309 --> 2
10 102 195 --> 1
10 102 196 --> 1
102 6 142 --> 17
7 102 7 --> 2
7 102 6 --> 3
168 37 3 --> 1
197 125 3 --> 1
197 6 192 --> 1
102 27 102 --> 35
142 221 162 --> 1
6 197 5 --> 6
168 168 265 --> 892
91 197 197 --> 1
6 197 3 --> 2
265 168 4 --> 3
142 146 6 --> 4
142 146 3 --> 5
142 102 13 --> 6
10 27 196 --> 1
340 168 43 --> 1
6 13 6 --> 1
6 6 91 --> 6
6 120 27 --> 1
13 3 199 --> 1
192 6 125 --> 113
5 309 85 --> 5
196 10 102 --> 3
265 3 54 --> 1
4 13 78 --> 13
195 340 168 --> 1
33 192 91 --> 1
240 13 78 --> 15
196 3 199 --> 3
265 4 240 --> 9
191 122 268 --> 2
125 91 192 --> 2
195 5 307 --> 1
125 91 195 --> 3
13 102 102 --> 8
13 91 6 --> 1
140 27 174 --> 18
195 5 309 --> 3
195 221 5 --> 1
27 7 7 --> 9
175 221 175 --> 2
6 5 45 --> 1
10 309 195 --> 2
91 78 195 --> 1
102 91 195 --> 1
146 146 3 --> 1
102 13 91 --> 1
146 146 6 --> 1
195 142 195 --> 1
265 104 146 --> 3
13 240 265 --> 5
265 104 142 --> 7
65 102 91 --> 1
85 6 85 --> 1
174 6 199 --> 17
78 13 102 --> 2
102 221 13 --> 1
168 3 78 --> 13
4 4 175 --> 1
78 78 13 --> 7
91 125 6 --> 2
57 54 221 --> 1
4 33 5 --> 2
3 3 340 --> 1
33 125 125 --> 1
125 195 3 --> 6
125 195 5 --> 17
78 13 240 --> 26
65 195 102 --> 1
265 309 309 --> 1
85 10 27 --> 4
142 146 119 --> 1
265 142 104 --> 18
221 221 162 --> 1
3 197 6 --> 3
102 85 10 --> 7
146 104 3 --> 2
63 63 6 --> 1
168 43 265 --> 19
197 197 192 --> 2
221 175 175 --> 1
6 5 125 --> 2
309 27 27 --> 4
45 142 91 --> 1
85 10 265 --> 1
265 85 27 --> 1
142 142 119 --> 1
174 122 91 --> 6
4 4 265 --> 7
195 33 78 --> 1
5 125 3 --> 5
85 102 10 --> 2
5 125 5 --> 1
5 125 6 --> 1
162 197 192 --> 1
175 174 174 --> 5
175 174 175 --> 2
168 146 146 --> 7
6 3 142 --> 1
119 6 175 --> 1
146 3 175 --> 1
3 265 168 --> 255
175 5 175 --> 12
13 146 78 --> 1
192 197 5 --> 1
27 102 102 --> 25
191 197 192 --> 1
19 168 3 --> 1
45 307 195 --> 1
78 142 102 --> 43
6 102 102 --> 14
125 33 5 --> 1
192 5 125 --> 1
10 27 6 --> 1
10 27 5 --> 1
102 5 3 --> 3
102 5 5 --> 14
102 5 6 --> 5
4 221 6 --> 2
102 195 27 --> 4
27 3 102 --> 1
125 192 192 --> 1
5 27 309 --> 4
142 91 33 --> 1
309 5 195 --> 5
309 5 196 --> 1
265 78 4 --> 4
192 192 243 --> 5
174 174 5 --> 2
3 102 102 --> 3
6 13 78 --> 3
78 265 168 --> 1
5 4 307 --> 1
175 122 3 --> 1
102 91 78 --> 1
175 5 221 --> 2
43 3 168 --> 36
3 265 340 --> 1
6 146 78 --> 3
3 6 91 --> 96
27 102 10 --> 2
195 102 142 --> 4
240 78 78 --> 14
85 85 102 --> 11
309 196 27 --> 1
33 197 192 --> 2
192 3 102 --> 1
265 102 6 --> 1
265 102 5 --> 2
265 102 3 --> 4
102 85 102 --> 15
192 6 54 --> 2
104 146 265 --> 1
265 3 3 --> 134
4 13 4 --> 30
102 309 309 --> 24
168 265 340 --> 2
4 5 78 --> 1
196 5 3 --> 1
195 27 85 --> 6
6 197 195 --> 1
197 125 195 --> 1
197 125 192 --> 1
6 197 192 --> 2
197 33 125 --> 1
6 196 102 --> 2
309 85 309 --> 1
6 27 120 --> 1
309 27 196 --> 3
309 27 195 --> 2
54 175 6 --> 5
146 102 78 --> 5
146 146 146 --> 3
146 146 142 --> 6
102 6 102 --> 18
125 195 195 --> 1
102 197 192 --> 1
45 195 45 --> 1
221 140 27 --> 6
3 78 78 --> 9
192 6 5 --> 56
146 6 102 --> 2
192 6 3 --> 1
13 197 91 --> 1
195 3 6 --> 3
195 3 5 --> 4
195 3 3 --> 15
102 196 265 --> 1
146 168 146 --> 11
265 168 78 --> 1
265 168 102 --> 13
3 13 3 --> 1
6 142 13 --> 4
192 192 192 --> 64
6 6 125 --> 4
3 91 91 --> 6
7 6 27 --> 1
5 140 27 --> 12
168 78 240 --> 3
7 102 102 --> 3
142 265 104 --> 25
142 265 102 --> 45
265 102 27 --> 3
195 78 6 --> 2
196 220 6 --> 2
5 195 5 --> 3
265 42 168 --> 1
5 195 6 --> 1
265 265 13 --> 11
3 3 146 --> 16
265 142 146 --> 7
265 142 142 --> 68
3 54 142 --> 1
175 175 175 --> 24
3 54 146 --> 1
102 196 142 --> 1
265 78 13 --> 4
142 6 78 --> 27
240 240 33 --> 1
7 7 120 --> 4
142 119 175 --> 1
5 4 195 --> 1
221 91 6 --> 1
192 192 33 --> 3
54 174 174 --> 2
78 142 6 --> 27
102 78 102 --> 16
175 265 265 --> 2
3 142 3 --> 48
195 5 197 --> 64
3 142 4 --> 8
78 168 78 --> 8
265 13 4 --> 10
10 309 5 --> 3
195 5 4 --> 1
195 5 6 --> 2
192 6 91 --> 5
78 240 3 --> 3
265 340 168 --> 3
102 10 196 --> 1
265 5 196 --> 1
168 195 265 --> 1
102 10 195 --> 1
195 85 195 --> 86
195 10 309 --> 4
78 195 146 --> 4
13 197 195 --> 1
221 5 192 --> 1
78 195 142 --> 13
5 240 240 --> 1
196 27 309 --> 1
146 104 142 --> 5
3 91 192 --> 3
91 5 5 --> 38
3 91 197 --> 4
4 78 240 --> 27
3 91 199 --> 1
78 3 168 --> 7
13 78 240 --> 22
142 146 102 --> 9
192 91 91 --> 5
146 195 102 --> 1
102 120 7 --> 2
102 120 6 --> 4
122 3 3 --> 1
43 43 168 --> 9
85 27 102 --> 1
309 27 10 --> 5
142 142 102 --> 54
3 91 5 --> 21
78 195 5 --> 1
91 6 125 --> 3
142 142 104 --> 8
162 265 168 --> 1
197 3 197 --> 1
175 4 307 --> 1
162 3 91 --> 1
195 146 78 --> 5
200 5 3 --> 1
3 125 197 --> 1
195 202 4 --> 1
240 4 4 --> 31
4 265 240 --> 11
195 309 309 --> 1
27 196 6 --> 1
102 5 140 --> 14
265 43 168 --> 63
146 3 168 --> 16
240 265 265 --> 3
195 307 5 --> 1
6 142 6 --> 8
6 142 4 --> 5
340 168 168 --> 5
240 174 175 --> 1
240 174 174 --> 7
104 3 142 --> 19
104 3 146 --> 3
85 27 265 --> 1
3 168 240 --> 1
5 221 45 --> 1
162 3 5 --> 1
6 5 33 --> 9
91 125 125 --> 1
5 5 85 --> 1
63 195 195 --> 1
4 102 168 --> 1
78 78 142 --> 555
175 5 307 --> 2
78 78 146 --> 31
102 78 13 --> 1
5 142 91 --> 2
265 146 142 --> 5
265 146 146 --> 3
265 240 13 --> 10
168 3 146 --> 5
6 78 102 --> 8
340 340 3 --> 3
5 221 6 --> 1
10 85 5 --> 1
102 102 102 --> 139
102 6 309 --> 4
54 146 265 --> 1
85 27 5 --> 1
5 175 45 --> 1
202 175 33 --> 1
6 309 196 --> 1
6 309 195 --> 1
102 6 5 --> 4
195 196 309 --> 3
174 122 142 --> 1
6 265 10 --> 1
309 85 265 --> 3
175 175 146 --> 1
102 265 265 --> 31
146 13 146 --> 1
102 265 119 --> 1
4 142 221 --> 1
10 102 265 --> 2
309 5 85 --> 1
6 3 3 --> 6
6 3 5 --> 5
6 3 6 --> 8
10 5 102 --> 4
3 78 168 --> 10
3 221 27 --> 17
120 6 27 --> 2
125 5 91 --> 1
91 102 3 --> 1
5 6 33 --> 10
174 175 122 --> 1
4 3 3 --> 3
268 192 6 --> 1
45 45 175 --> 5
4 3 5 --> 1
78 6 146 --> 2
6 10 10 --> 1
78 6 142 --> 33
195 63 195 --> 2
5 197 197 --> 2
195 3 102 --> 2
196 196 196 --> 1
27 85 5 --> 3
265 168 146 --> 24
27 85 6 --> 3
6 85 195 --> 1
3 43 265 --> 8
146 6 13 --> 1
6 85 196 --> 1
5 27 195 --> 1
168 168 240 --> 1
85 5 102 --> 5
195 33 5 --> 1
265 168 43 --> 22
340 3 265 --> 2
196 309 85 --> 4
122 91 6 --> 1
168 3 340 --> 3
43 43 3 --> 9
13 5 240 --> 1
146 168 265 --> 17
125 91 258 --> 4
3 146 104 --> 10
5 85 309 --> 2
175 191 122 --> 5
119 265 146 --> 1
265 195 3 --> 2
340 265 168 --> 4
192 5 6 --> 8
4 13 13 --> 12
192 5 3 --> 9
5 5 5 --> 59
3 13 162 --> 1
5 5 6 --> 20
5 13 5 --> 1
196 196 265 --> 17
265 4 265 --> 1
265 142 175 --> 2
195 175 175 --> 16
146 265 265 --> 8
102 265 309 --> 3
7 6 102 --> 2
91 33 6 --> 1
119 175 91 --> 1
195 195 10 --> 1
102 174 174 --> 7
27 5 6 --> 1
6 3 192 --> 2
27 5 5 --> 2
3 102 6 --> 1
3 102 5 --> 2
3 102 3 --> 1
91 33 192 --> 2
5 125 125 --> 4
104 104 104 --> 3
85 10 102 --> 7
221 162 197 --> 1
240 168 168 --> 3
6 195 6 --> 2
6 195 5 --> 6
6 195 3 --> 4
196 102 196 --> 3
54 175 175 --> 1
196 102 195 --> 2
6 13 146 --> 1
125 6 195 --> 1
125 122 3 --> 1
5 307 221 --> 1
3 78 3 --> 6
3 33 6 --> 2
192 33 197 --> 1
63 6 175 --> 1
7 102 27 --> 3
5 3 3 --> 30
78 4 13 --> 14
5 3 6 --> 23
5 3 5 --> 48
45 5 195 --> 1
3 3 104 --> 17
146 6 142 --> 5
3 3 102 --> 4
142 265 146 --> 4
5 191 197 --> 1
6 192 192 --> 6
54 54 174 --> 2
5 27 10 --> 2
265 265 168 --> 389
195 102 10 --> 1
142 142 175 --> 3
195 196 6 --> 1
33 125 33 --> 1
195 196 5 --> 4
102 5 85 --> 3
162 162 162 --> 40
6 3 7 --> 1
240 240 91 --> 1
195 265 265 --> 3
27 309 196 --> 2
3 104 3 --> 11
33 5 192 --> 23
33 5 195 --> 3
33 5 197 --> 11
4 4 240 --> 31
91 45 3 --> 1
27 10 102 --> 9
91 4 3 --> 4
91 4 4 --> 2
91 4 5 --> 1
309 195 265 --> 2
309 102 309 --> 32
162 4 221 --> 1
195 5 85 --> 2
142 78 13 --> 5
125 125 3 --> 2
125 125 5 --> 3
265 265 309 --> 1
120 6 120 --> 2
13 265 240 --> 9
27 102 120 --> 2
102 3 104 --> 1
196 265 5 --> 2
142 175 119 --> 1
240 265 4 --> 3
6 102 120 --> 3
102 102 3 --> 1
102 102 5 --> 45
195 10 27 --> 1
102 102 7 --> 3
102 102 6 --> 40
265 3 142 --> 24
102 120 120 --> 2
265 102 142 --> 14
3 4 195 --> 1
265 3 146 --> 13
309 6 5 --> 3
27 27 85 --> 1
195 10 196 --> 1
309 195 195 --> 2
309 195 196 --> 5
195 10 195 --> 1
85 195 309 --> 7
5 5 91 --> 12
6 120 6 --> 2
3 340 340 --> 1
195 146 6 --> 2
240 78 265 --> 7
220 6 197 --> 2
265 146 175 --> 2
5 221 175 --> 2
3 265 240 --> 1
85 6 102 --> 1
85 102 265 --> 1
91 3 197 --> 1
5 197 5 --> 4
91 3 195 --> 3
3 199 3 --> 3
63 175 307 --> 1
85 195 10 --> 9
146 142 6 --> 4
196 309 5 --> 2
5 63 175 --> 3
102 265 85 --> 4
102 102 174 --> 3
4 45 4 --> 1
309 309 309 --> 8
265 43 265 --> 28
174 6 91 --> 1
6 146 13 --> 1
102 5 102 --> 32
175 5 201 --> 1
309 195 27 --> 1
27 10 10 --> 1
6 102 6 --> 6
3 168 78 --> 8
91 91 142 --> 1
6 102 5 --> 1
13 102 13 --> 16
4 3 13 --> 1
5 91 91 --> 5
5 78 4 --> 1
13 146 142 --> 2
85 85 309 --> 2
102 265 102 --> 10
102 265 104 --> 2
120 7 6 --> 1
120 102 27 --> 1
102 7 7 --> 6
102 7 6 --> 1
91 102 91 --> 1
196 6 5 --> 1
5 6 309 --> 4
168 265 265 --> 378
5 6 27 --> 2
6 27 102 --> 5
6 4 45 --> 1
268 91 192 --> 1
78 6 6 --> 7
195 3 175 --> 1
27 265 195 --> 1
13 240 78 --> 18
142 146 78 --> 28
5 195 309 --> 3
5 197 195 --> 1
7 120 27 --> 1
125 5 33 --> 1
5 201 175 --> 1
125 140 91 --> 1
5 197 192 --> 137
125 91 33 --> 1
5 102 27 --> 13
102 7 27 --> 1
141 6 197 --> 1
78 102 13 --> 88
10 102 309 --> 10
3 168 4 --> 1
3 168 3 --> 166
3 174 5 --> 1
42 6 175 --> 1
6 6 102 --> 6
307 5 33 --> 1
192 6 174 --> 1
3 104 142 --> 13
13 4 265 --> 44
27 309 85 --> 3
174 5 13 --> 1
146 102 102 --> 2
5 3 175 --> 2
27 196 85 --> 1
195 6 45 --> 1
102 309 102 --> 83
195 6 27 --> 1
309 102 5 --> 9
5 3 33 --> 1
195 168 168 --> 2
309 102 6 --> 3
221 221 4 --> 1
3 192 195 --> 1
195 195 27 --> 1
5 85 195 --> 5
265 4 78 --> 4
102 78 146 --> 16
265 119 265 --> 2
195 3 33 --> 1
174 340 5 --> 2
102 309 85 --> 10
102 13 146 --> 1
102 146 146 --> 4
311 91 3 --> 1
102 146 142 --> 9
102 196 85 --> 3
27 195 265 --> 1
78 168 54 --> 1
125 5 195 --> 1
85 309 5 --> 1
125 5 197 --> 2
125 5 192 --> 6
33 125 6 --> 1
10 27 195 --> 2
195 195 33 --> 2
195 27 265 --> 1
13 142 102 --> 2
4 78 265 --> 2
142 195 78 --> 13
27 309 6 --> 1
27 309 5 --> 5
33 174 102 --> 1
240 5 191 --> 1
142 13 146 --> 2
5 197 6 --> 2
7 120 120 --> 4
5 197 3 --> 9
265 104 265 --> 11
3 3 174 --> 1
27 6 102 --> 5
5 195 85 --> 4
63 195 175 --> 1
195 6 102 --> 3
6 91 33 --> 2
195 102 27 --> 5
91 91 78 --> 3
175 195 175 --> 17
102 5 91 --> 2
4 195 195 --> 1
265 309 6 --> 1
340 43 265 --> 1
104 142 3 --> 9
195 3 197 --> 2
6 13 102 --> 2
142 91 4 --> 1
195 78 195 --> 1
45 33 5 --> 1
6 125 197 --> 2
4 265 265 --> 38
6 125 195 --> 21
91 141 5 --> 1
6 125 192 --> 1
309 265 85 --> 2
66 57 54 --> 1
27 265 5 --> 1
195 3 192 --> 2
195 5 91 --> 1
146 3 142 --> 3
195 85 309 --> 4
168 340 3 --> 2
195 197 3 --> 7
91 192 91 --> 2
195 197 6 --> 1
195 197 5 --> 3
85 102 309 --> 12
5 175 221 --> 2
196 85 85 --> 2
5 309 102 --> 24
6 45 5 --> 1
168 340 265 --> 2
104 146 104 --> 1
5 3 102 --> 2
196 27 102 --> 2
6 91 3 --> 8
191 122 91 --> 2
91 91 4 --> 5
91 91 3 --> 7
6 91 4 --> 1
6 91 5 --> 33
78 78 168 --> 15
4 102 78 --> 1
4 4 13 --> 28
102 142 91 --> 3
195 3 91 --> 3
265 43 3 --> 84
265 240 265 --> 3
146 175 146 --> 1
174 102 196 --> 1
20 65 60 --> 1
265 146 168 --> 20
146 3 3 --> 10
265 240 78 --> 15
102 196 5 --> 3
4 78 102 --> 1
122 142 91 --> 1
91 91 91 --> 18
5 85 265 --> 1
197 192 33 --> 5
33 6 192 --> 1
240 33 168 --> 1
85 27 85 --> 4
142 3 196 --> 5
195 265 102 --> 6
102 6 78 --> 36
168 162 265 --> 1
102 197 3 --> 1
175 142 142 --> 2
85 195 196 --> 22
175 142 146 --> 1
45 45 45 --> 18
5 196 196 --> 1
102 102 168 --> 2
10 5 6 --> 2
78 13 195 --> 1
3 195 197 --> 2
5 175 63 --> 1
3 162 4 --> 1
3 5 3 --> 64
195 309 102 --> 9
6 195 195 --> 1
142 3 175 --> 1
3 5 6 --> 6
3 5 5 --> 44
3 5 4 --> 1
195 102 195 --> 4
27 10 27 --> 1
195 102 196 --> 3
125 258 174 --> 1
91 162 4 --> 1
33 5 33 --> 2
309 196 10 --> 2
5 33 6 --> 4
5 33 5 --> 11
192 5 5 --> 7
5 33 3 --> 1
27 7 120 --> 4
5 268 91 --> 1
140 6 196 --> 1
168 102 78 --> 2
168 78 78 --> 14
192 192 125 --> 6
91 91 195 --> 1
221 195 175 --> 2
91 91 192 --> 1
3 6 174 --> 5
146 142 195 --> 3
5 5 4 --> 1
3 265 265 --> 148
102 146 6 --> 2
5 140 197 --> 22
5 33 125 --> 2
172 102 174 --> 3
221 13 3 --> 1
63 174 174 --> 1
197 6 5 --> 3
91 199 3 --> 1
5 5 3 --> 49
146 168 78 --> 1
119 146 142 --> 1
175 201 175 --> 4
195 102 265 --> 1
140 91 5 --> 1
195 3 168 --> 4
43 3 265 --> 66
168 168 78 --> 20
196 5 5 --> 4
195 142 102 --> 4
91 6 78 --> 1
196 196 27 --> 1
168 102 102 --> 2
174 175 174 --> 1
146 146 78 --> 4
3 146 168 --> 11
45 45 5 --> 2
196 6 91 --> 1
3 199 192 --> 1
5 3 162 --> 1
3 199 195 --> 3
10 196 10 --> 1
3 104 175 --> 1
146 146 265 --> 4
10 27 309 --> 3
6 5 6 --> 12
6 5 5 --> 20
6 5 3 --> 18
258 311 240 --> 10
196 102 10 --> 1
195 85 10 --> 3
13 5 197 --> 2
175 175 142 --> 1
13 5 192 --> 1
195 6 78 --> 2
119 265 54 --> 1
7 6 120 --> 2
27 27 265 --> 1
78 146 142 --> 30
85 265 309 --> 3
78 146 146 --> 3
78 4 168 --> 2
307 221 175 --> 2
146 142 175 --> 1
78 146 6 --> 5
142 119 142 --> 1
78 146 3 --> 3
85 196 27 --> 2
13 195 102 --> 1
33 91 4 --> 1
195 3 45 --> 1
54 142 265 --> 1
197 192 125 --> 1
78 13 142 --> 5
3 175 5 --> 1
3 175 4 --> 1
195 195 102 --> 2
265 43 43 --> 6
142 78 102 --> 424
142 142 13 --> 4
102 5 265 --> 1
221 45 175 --> 1
120 7 102 --> 4
102 168 168 --> 36
168 54 168 --> 1
195 192 192 --> 1
265 5 309 --> 2
7 6 6 --> 1
175 6 175 --> 1
340 265 43 --> 1
27 5 309 --> 7
33 3 192 --> 3
3 3 162 --> 2
33 3 197 --> 1
142 6 195 --> 2
3 3 168 --> 191
3 3 265 --> 141
265 54 146 --> 1
3 175 142 --> 2
192 102 5 --> 1
221 140 197 --> 1
102 142 195 --> 3
4 13 240 --> 38
104 142 265 --> 13
13 13 78 --> 223
142 78 6 --> 24
6 6 195 --> 2
140 142 91 --> 1
174 11 45 --> 5
6 102 85 --> 2
309 309 5 --> 8
168 168 4 --> 4
43 265 43 --> 11
168 168 3 --> 438
196 3 91 --> 1
91 6 3 --> 4
13 265 265 --> 102
91 6 5 --> 11
6 174 102 --> 1
195 3 27 --> 1
3 192 125 --> 3
4 175 195 --> 1
142 146 265 --> 6
265 3 168 --> 246
265 102 168 --> 12
78 142 146 --> 25
78 142 142 --> 114
102 78 4 --> 1
102 78 6 --> 3
102 4 4 --> 1
175 5 33 --> 2
45 175 195 --> 4
196 85 6 --> 1
43 168 340 --> 3
265 265 142 --> 66
265 265 146 --> 17
142 102 265 --> 19
102 27 27 --> 9
66 91 174 --> 1
240 78 240 --> 25
146 175 175 --> 2
6 196 91 --> 1
142 4 196 --> 1
125 3 91 --> 8
6 5 309 --> 2
78 240 265 --> 4
5 27 6 --> 1
119 7 7 --> 1
175 265 3 --> 1
10 195 102 --> 2
6 85 102 --> 1
174 5 221 --> 2
3 91 33 --> 2
4 240 13 --> 21
78 3 3 --> 5
240 168 240 --> 2
33 78 265 --> 1
3 196 196 --> 5
91 258 311 --> 4
5 13 102 --> 17
13 78 78 --> 102
340 3 3 --> 1
221 195 307 --> 1
197 195 5 --> 1
197 195 3 --> 1
309 102 102 --> 50
265 195 265 --> 1
195 196 85 --> 1
10 27 85 --> 3
192 3 140 --> 2
10 6 6 --> 1
10 6 5 --> 1
168 265 42 --> 1
168 265 43 --> 87
3 6 102 --> 2
3 6 3 --> 5
3 6 5 --> 28
3 6 6 --> 6
27 174 27 --> 18
168 102 265 --> 9
91 5 192 --> 16
168 265 3 --> 323
91 5 197 --> 9
6 309 309 --> 1
174 102 162 --> 1
309 102 10 --> 6
6 196 142 --> 1
102 195 85 --> 11
265 85 6 --> 1
85 6 309 --> 3
265 85 102 --> 3
6 142 78 --> 32
192 91 6 --> 2
192 91 5 --> 3
192 91 3 --> 5
91 45 33 --> 1
174 174 122 --> 6
78 4 4 --> 15
174 174 125 --> 1
142 146 13 --> 2
240 265 13 --> 5
309 309 102 --> 24
175 195 221 --> 1
197 6 125 --> 3
146 265 3 --> 9
10 102 10 --> 1
5 5 192 --> 28
5 5 195 --> 2
5 5 197 --> 6
5 5 196 --> 1
60 13 5 --> 2
78 78 240 --> 16
27 27 309 --> 5
102 168 102 --> 1
197 5 192 --> 4
192 6 192 --> 6
78 240 13 --> 13
268 197 5 --> 1
192 6 197 --> 2
13 4 240 --> 31
10 6 102 --> 1
102 196 196 --> 4
102 196 195 --> 2
91 45 142 --> 1
195 195 175 --> 8
195 85 27 --> 3
6 125 6 --> 3
6 125 5 --> 20
6 125 3 --> 40
265 5 27 --> 2
10 309 309 --> 2
240 240 174 --> 8
5 196 102 --> 1
192 3 91 --> 6
5 3 13 --> 1
3 196 6 --> 1
5 309 5 --> 7
3 196 3 --> 1
175 195 63 --> 1
168 4 168 --> 6
4 3 168 --> 2
142 265 3 --> 32
240 240 78 --> 22
340 5 102 --> 2
6 4 5 --> 1
27 195 196 --> 2
146 168 3 --> 20
27 195 195 --> 1
142 6 13 --> 3
102 265 5 --> 1
5 63 63 --> 1
6 33 192 --> 4
13 78 195 --> 3
6 33 197 --> 1
102 27 195 --> 3
102 27 196 --> 3
3 142 192 --> 1
196 102 142 --> 1
85 102 196 --> 1
195 5 175 --> 2
85 102 195 --> 3
13 142 162 --> 1
197 5 91 --> 1
221 162 142 --> 1
195 91 91 --> 1
265 309 195 --> 1
91 195 174 --> 2
7 120 102 --> 2
146 195 142 --> 1
196 27 85 --> 1
5 175 3 --> 1
3 3 33 --> 1
5 175 5 --> 1
5 175 4 --> 1
142 142 146 --> 23
3 175 175 --> 2
142 142 142 --> 185
146 6 78 --> 5
10 85 195 --> 2
4 78 13 --> 246
45 5 197 --> 2
91 3 13 --> 1
5 3 4 --> 1
6 309 85 --> 1
3 102 142 --> 3
102 195 102 --> 10
78 78 3 --> 7
78 78 4 --> 7
102 91 102 --> 1
78 78 6 --> 30
7 175 5 --> 1
5 63 6 --> 1
265 4 168 --> 1
192 192 91 --> 2
168 240 5 --> 1
175 175 33 --> 3
140 197 91 --> 1
196 195 3 --> 1
168 265 195 --> 1
3 146 3 --> 5
201 175 175 --> 3
27 85 265 --> 7
102 168 4 --> 2
196 265 309 --> 1
27 120 102 --> 1
6 91 192 --> 1
104 3 104 --> 4
142 104 265 --> 8
5 175 201 --> 1
168 146 265 --> 18
175 3 5 --> 1
45 3 102 --> 1
4 168 4 --> 2
5 192 197 --> 1
114 114 162 --> 3
5 192 195 --> 2
5 192 192 --> 23
6 91 197 --> 2
265 265 265 --> 266
3 3 175 --> 1
102 3 196 --> 1
78 78 102 --> 52
196 10 5 --> 1
102 195 78 --> 50
265 146 104 --> 3
10 196 102 --> 1
13 196 3 --> 1
6 192 91 --> 2
13 196 5 --> 5
43 43 265 --> 7
192 140 6 --> 1
78 3 240 --> 1
168 168 340 --> 6
174 57 175 --> 5
146 102 6 --> 3
104 102 3 --> 1
102 6 10 --> 4
102 6 13 --> 1
5 6 6 --> 8
195 192 91 --> 1
5 6 5 --> 12
5 6 3 --> 4
27 10 6 --> 1
27 10 5 --> 1
4 175 63 --> 1
85 85 85 --> 6
174 174 6 --> 1
4 142 3 --> 15
174 175 191 --> 5
6 5 102 --> 3
85 10 85 --> 2
195 195 3 --> 1
195 195 5 --> 5
195 195 4 --> 1
195 195 6 --> 1
192 102 91 --> 1
102 168 78 --> 2
3 340 3 --> 1
265 10 10 --> 2
5 309 309 --> 7
4 142 91 --> 1
6 221 4 --> 1
5 45 200 --> 1
243 125 125 --> 4
27 102 85 --> 4
78 102 195 --> 50
85 85 195 --> 32
85 85 196 --> 8
6 13 142 --> 2
33 175 5 --> 2
3 142 91 --> 3
6 197 125 --> 1
102 102 10 --> 9
102 102 13 --> 1
78 6 102 --> 10
309 10 195 --> 1
3 5 125 --> 4
5 195 175 --> 10
125 3 3 --> 6
4 265 13 --> 5
125 3 6 --> 26
125 3 5 --> 6
3 27 3 --> 1
102 102 146 --> 6
102 102 142 --> 20
102 102 140 --> 1
192 91 197 --> 1
192 192 3 --> 1
192 192 5 --> 6
192 192 6 --> 172
192 125 268 --> 1
5 195 192 --> 1
5 195 195 --> 5
6 196 197 --> 1
6 196 196 --> 13
6 27 5 --> 22
197 192 192 --> 154
6 27 6 --> 1
102 10 6 --> 1
102 10 5 --> 1
146 78 146 --> 7
10 102 27 --> 3
102 27 5 --> 19
102 27 6 --> 3
102 27 7 --> 7
195 27 309 --> 2
3 7 7 --> 1
162 114 162 --> 15
265 78 240 --> 8
240 168 3 --> 3
5 102 10 --> 1
3 146 142 --> 12
6 309 10 --> 2
102 27 85 --> 52
45 4 175 --> 1
6 91 141 --> 1
265 168 195 --> 1
4 78 4 --> 24
54 221 63 --> 1
5 309 27 --> 7
5 195 221 --> 1
309 6 309 --> 2
142 265 265 --> 49
33 192 33 --> 6
265 309 5 --> 2
142 102 91 --> 1
175 3 175 --> 2
27 27 195 --> 2
125 192 102 --> 1
3 125 5 --> 1
195 6 10 --> 1
102 85 195 --> 9
102 85 196 --> 7
240 13 13 --> 20
91 6 192 --> 2
78 146 168 --> 1
91 6 196 --> 16
102 10 85 --> 1
91 6 195 --> 5
265 265 195 --> 1
6 195 146 --> 1
6 195 142 --> 1
19 265 168 --> 1
168 4 102 --> 1
202 4 195 --> 1
168 78 102 --> 1
307 4 5 --> 1
85 265 102 --> 9
102 13 78 --> 91
196 27 265 --> 1
197 192 140 --> 20
85 6 27 --> 2
7 119 102 --> 1
102 146 195 --> 1
240 13 265 --> 11
43 265 3 --> 12
85 196 196 --> 2
119 175 175 --> 1
3 197 5 --> 2
91 5 195 --> 1
192 140 91 --> 19
125 5 142 --> 1
3 197 3 --> 3
125 5 140 --> 1
265 13 13 --> 5
146 78 195 --> 4
3 13 195 --> 1
221 5 307 --> 1
5 5 125 --> 6
195 174 340 --> 2
197 5 3 --> 5
221 221 102 --> 16
104 175 142 --> 1
168 43 3 --> 25
125 195 192 --> 2
6 7 7 --> 3
104 142 104 --> 3
265 104 3 --> 22
10 27 102 --> 5
125 195 197 --> 1
175 221 195 --> 4
6 54 54 --> 2
195 265 5 --> 5
3 3 142 --> 43
43 3 195 --> 1
265 13 265 --> 1
102 146 265 --> 1
78 240 78 --> 18
27 102 309 --> 13
104 146 3 --> 2
307 175 175 --> 2
27 85 309 --> 4
196 91 4 --> 1
309 196 102 --> 4
27 85 85 --> 4
85 102 6 --> 1
85 102 5 --> 6
45 120 175 --> 1
142 6 6 --> 10
33 3 6 --> 3
240 4 13 --> 22
33 3 3 --> 2
5 85 10 --> 1
309 85 85 --> 8
195 4 5 --> 1
33 192 6 --> 6
85 196 195 --> 1
265 142 265 --> 83
102 78 195 --> 3
5 221 220 --> 2
175 175 45 --> 2
6 175 174 --> 1
6 175 175 --> 3
168 3 265 --> 190
102 3 146 --> 1
195 10 102 --> 3
6 125 91 --> 12
102 3 142 --> 2
5 78 162 --> 1
6 91 102 --> 2
78 102 4 --> 2
6 10 309 --> 2
27 27 5 --> 6
27 27 7 --> 1
27 27 6 --> 2
102 3 265 --> 1
265 3 104 --> 11
265 102 102 --> 16
265 309 85 --> 2
27 5 102 --> 33
4 265 168 --> 1
102 142 221 --> 1
142 4 91 --> 2
146 3 265 --> 11
102 196 27 --> 2
78 240 240 --> 44
5 192 140 --> 1
309 10 5 --> 2
175 6 3 --> 6
142 142 195 --> 11
3 43 43 --> 4
91 192 102 --> 1
5 265 309 --> 1
6 3 125 --> 2
3 5 91 --> 11
102 5 27 --> 5
33 192 125 --> 2
146 104 265 --> 7
3 197 125 --> 2
4 240 78 --> 14
43 3 3 --> 18
91 3 33 --> 1
265 27 196 --> 1
142 119 265 --> 1
13 78 13 --> 222
63 42 6 --> 1
102 102 4 --> 2
142 3 142 --> 55
3 3 4 --> 1
142 3 146 --> 6
195 102 5 --> 2
195 102 6 --> 2
311 240 240 --> 10
195 5 27 --> 3
5 221 192 --> 1
168 3 3 --> 178
7 7 7 --> 12
7 7 6 --> 4
265 10 27 --> 2
6 63 63 --> 1
119 142 119 --> 1
175 33 195 --> 1
3 5 162 --> 3
142 104 102 --> 1
142 104 104 --> 4
309 195 85 --> 4
168 240 168 --> 6
265 102 146 --> 1
102 265 142 --> 33
45 195 175 --> 2
3 6 13 --> 1
85 265 5 --> 1
85 265 6 --> 1
174 175 175 --> 1
3 91 196 --> 2
5 5 268 --> 1
3 6 125 --> 14
102 102 27 --> 34
6 5 27 --> 2
140 3 192 --> 1
172 102 6 --> 1
196 265 10 --> 16
196 196 309 --> 2
195 340 265 --> 1
172 3 5 --> 1
240 265 78 --> 5
125 91 5 --> 37
125 91 6 --> 2
4 102 3 --> 1
4 102 4 --> 1
125 91 3 --> 12
197 197 5 --> 1
146 265 104 --> 2
54 54 54 --> 4
78 78 265 --> 5
102 221 221 --> 17
6 309 27 --> 1
6 10 5 --> 1
13 146 102 --> 2
27 195 85 --> 3
65 60 13 --> 2
13 265 13 --> 3
5 309 10 --> 2
5 33 175 --> 4
5 33 174 --> 1
3 104 104 --> 9
78 3 33 --> 1
3 104 102 --> 2
5 197 33 --> 1
5 162 91 --> 1
146 102 146 --> 4
91 78 3 --> 2
146 102 142 --> 10
146 6 6 --> 1
27 5 27 --> 4
309 85 6 --> 3
309 85 5 --> 2
175 175 195 --> 16
175 195 5 --> 3
175 195 3 --> 1
5 91 78 --> 1
240 3 168 --> 1
146 142 142 --> 32
146 142 146 --> 4
13 4 78 --> 229
195 85 5 --> 3
240 13 4 --> 186
240 13 5 --> 1
192 91 125 --> 1
162 6 3 --> 1
168 168 168 --> 2180
175 195 45 --> 1
6 27 27 --> 3
6 309 6 --> 1
6 309 5 --> 2
197 91 5 --> 2
168 240 78 --> 1
4 175 3 --> 1
13 78 6 --> 1
13 78 4 --> 13
4 175 5 --> 2
192 243 125 --> 4
85 6 10 --> 1
192 125 102 --> 1
197 91 6 --> 1
5 197 125 --> 2
196 27 5 --> 2
146 3 78 --> 1
13 102 5 --> 26
195 5 10 --> 1
6 6 142 --> 8
197 5 6 --> 4
197 5 5 --> 9
142 4 142 --> 17
175 175 265 --> 2
13 142 142 --> 7
6 168 168 --> 1
195 196 265 --> 3
122 3 6 --> 2
102 309 5 --> 25
175 4 4 --> 2
196 195 85 --> 1
102 85 85 --> 13
175 195 202 --> 1
175 119 265 --> 1
63 175 195 --> 1
102 4 78 --> 1
309 309 27 --> 4
175 265 119 --> 2
3 45 3 --> 1
10 309 102 --> 8
33 5 3 --> 94
3 3 192 --> 4
102 3 3 --> 4
33 197 33 --> 1
33 5 6 --> 4
196 5 27 --> 2
175 3 45 --> 1
91 265 3 --> 1
33 91 195 --> 1
4 240 4 --> 27
240 13 240 --> 40
6 78 78 --> 49
195 175 63 --> 2
3 3 196 --> 1
162 162 114 --> 14
6 78 5 --> 2
3 3 199 --> 2
6 78 6 --> 12
3 3 195 --> 20
3 3 197 --> 3
6 199 201 --> 17
119 265 265 --> 1
6 6 5 --> 2
6 6 4 --> 1
6 6 6 --> 6
85 102 85 --> 6
91 78 162 --> 1
192 6 33 --> 112
3 45 120 --> 1
7 120 7 --> 1
7 120 6 --> 3
197 102 91 --> 1
221 220 196 --> 2
5 10 309 --> 2
195 85 265 --> 3
27 102 196 --> 1
146 142 3 --> 5
27 102 195 --> 4
142 175 142 --> 2
102 125 268 --> 1
6 102 78 --> 4
78 142 195 --> 12
192 5 192 --> 8
119 175 265 --> 1
6 6 3 --> 1
3 162 197 --> 1
7 119 7 --> 1
91 13 197 --> 1
91 13 196 --> 8
309 102 265 --> 3
265 265 119 --> 2
4 4 102 --> 1
6 102 197 --> 1
6 102 195 --> 2
7 119 6 --> 1
175 221 63 --> 2
309 85 196 --> 3
309 85 195 --> 3
309 5 102 --> 25
78 168 168 --> 11
13 78 142 --> 6
5 27 85 --> 1
13 78 146 --> 2
6 91 91 --> 17
140 102 5 --> 1
27 85 195 --> 41
27 85 196 --> 1
5 45 195 --> 1
265 102 265 --> 50
265 3 265 --> 217
125 3 195 --> 5
125 3 192 --> 2
162 5 91 --> 1
85 27 27 --> 1
197 5 140 --> 1
240 78 168 --> 1
3 265 119 --> 2
195 5 33 --> 1
63 175 5 --> 1
168 195 3 --> 2
5 27 265 --> 1
85 265 10 --> 5
195 91 195 --> 1
265 265 240 --> 114
78 265 265 --> 2
175 142 91 --> 1
27 196 196 --> 1
91 3 6 --> 22
91 3 5 --> 14
196 195 102 --> 3
91 3 3 --> 8
142 102 195 --> 5
168 4 4 --> 2
43 195 265 --> 1
309 102 27 --> 73
13 102 91 --> 1
309 27 102 --> 13
125 175 5 --> 1
102 142 78 --> 73
191 122 5 --> 1
91 146 146 --> 2
195 102 221 --> 1
174 174 175 --> 5
174 174 174 --> 147
199 175 175 --> 1
174 174 172 --> 3
265 195 85 --> 1
168 43 43 --> 15
265 27 85 --> 4
168 168 37 --> 1
196 309 27 --> 2
91 6 33 --> 1
6 102 7 --> 5
10 265 10 --> 1
10 195 27 --> 1
265 78 265 --> 1
309 5 27 --> 1
85 10 6 --> 1
221 6 3 --> 1
142 91 146 --> 1
195 168 265 --> 4
33 168 78 --> 1
91 91 221 --> 1
27 120 120 --> 1
5 3 125 --> 1
195 195 146 --> 1
3 3 43 --> 8
195 66 57 --> 1
5 5 307 --> 1
78 13 4 --> 10
3 192 3 --> 4
120 120 120 --> 2
5 5 309 --> 5
3 192 6 --> 16
4 240 240 --> 74
78 146 78 --> 137
125 197 5 --> 1
85 309 196 --> 1
85 309 195 --> 3
78 146 102 --> 11
37 3 146 --> 1
125 5 5 --> 1
125 5 6 --> 2
91 5 125 --> 2
125 5 3 --> 10
91 197 91 --> 1
91 195 6 --> 1
5 265 10 --> 1
309 10 10 --> 1
168 78 168 --> 14
5 91 197 --> 1
85 6 195 --> 1
5 91 195 --> 5
4 91 3 --> 1
5 91 192 --> 2
192 5 197 --> 2
91 195 195 --> 1
13 142 6 --> 3
91 195 197 --> 3
4 5 192 --> 1
91 192 5 --> 4
125 5 125 --> 1
142 78 146 --> 124
102 197 102 --> 1
142 78 142 --> 105
5 140 91 --> 3
5 54 196 --> 1
27 102 6 --> 1
91 5 91 --> 14
3 195 6 --> 1
3 195 5 --> 26
168 146 6 --> 1
3 195 3 --> 5
199 195 3 --> 4
3 265 3 --> 135
78 78 78 --> 144
33 4 5 --> 1
63 6 197 --> 1
258 311 174 --> 1
192 125 3 --> 4
142 146 195 --> 3
192 125 6 --> 2
192 125 5 --> 2
175 265 102 --> 1
125 6 125 --> 2
63 5 63 --> 2
91 5 78 --> 1
78 265 78 --> 2
4 265 4 --> 8
221 195 63 --> 1
309 265 265 --> 1
265 13 240 --> 8
146 102 195 --> 1
102 27 309 --> 22
175 5 3 --> 2
196 102 221 --> 17
63 202 175 --> 1
175 5 6 --> 1
175 5 5 --> 2
175 5 4 --> 1
340 340 168 --> 1
340 168 265 --> 3
201 13 102 --> 17
3 168 340 --> 4
168 195 340 --> 2
195 78 142 --> 11
265 119 142 --> 3
265 4 13 --> 8
195 78 146 --> 5
265 119 146 --> 1
4 5 3 --> 1
3 104 265 --> 13
140 3 6 --> 2
240 4 78 --> 28
5 307 5 --> 1
240 3 3 --> 2
102 309 10 --> 5
195 196 196 --> 15
142 175 175 --> 2
45 175 221 --> 1
13 142 78 --> 8
6 125 125 --> 59
104 265 142 --> 16
104 265 146 --> 3
142 142 265 --> 64
122 5 54 --> 1
192 142 102 --> 1
63 45 45 --> 1
146 78 78 --> 133
3 142 142 --> 37
13 196 199 --> 1
3 142 146 --> 1
102 10 102 --> 10
197 33 197 --> 1
13 196 192 --> 1
265 265 104 --> 8
265 265 102 --> 19
195 102 78 --> 4
175 195 13 --> 1
142 146 175 --> 2
120 63 42 --> 1
102 5 309 --> 17
125 125 195 --> 2
125 125 192 --> 3
309 27 85 --> 5
13 102 78 --> 3
168 195 168 --> 6
102 6 27 --> 27
102 265 27 --> 1
91 192 125 --> 2
265 85 85 --> 1
3 168 168 --> 485
27 174 6 --> 17
142 78 78 --> 115
85 27 309 --> 2
309 195 102 --> 2
195 78 78 --> 59
5 102 102 --> 60
91 174 3 --> 1
3 265 102 --> 6
33 6 125 --> 3
3 265 104 --> 7
63 63 202 --> 1
195 175 7 --> 1
195 175 5 --> 9
195 175 4 --> 1
120 27 102 --> 1
13 162 3 --> 1
197 3 199 --> 1
125 125 268 --> 23
85 265 27 --> 3
6 10 102 --> 2
78 240 4 --> 18
195 102 309 --> 6
3 91 3 --> 5
197 3 195 --> 1
3 91 4 --> 2
168 265 146 --> 19
3 91 6 --> 1
175 307 4 --> 1
175 307 5 --> 2
119 142 175 --> 1
265 102 309 --> 10
10 5 265 --> 1
102 4 221 --> 1
265 146 3 --> 12
102 102 265 --> 11
146 13 142 --> 3
221 195 201 --> 1
78 3 265 --> 1
175 142 3 --> 2
63 175 175 --> 2
192 33 6 --> 1
309 10 309 --> 2
122 91 3 --> 5
192 33 5 --> 11
192 33 3 --> 2
6 175 221 --> 1
195 33 4 --> 1
265 168 162 --> 1
102 102 195 --> 16
102 102 196 --> 6
240 240 4 --> 43
6 102 309 --> 5
102 102 192 --> 1
3 78 265 --> 1
142 91 91 --> 7
11 45 33 --> 5
146 102 13 --> 1
3 146 265 --> 6
197 6 168 --> 1
63 221 175 --> 1
85 5 196 --> 1
195 45 195 --> 2
6 10 85 --> 1
85 85 5 --> 1
85 85 6 --> 1
146 175 265 --> 1
42 168 3 --> 1
309 5 10 --> 1
102 265 168 --> 8
3 6 33 --> 2
5 27 102 --> 6
6 120 7 --> 1
195 196 27 --> 2
340 265 265 --> 3
5 33 192 --> 2
192 125 91 --> 2
168 4 265 --> 2
27 309 27 --> 4
146 119 142 --> 1
142 195 142 --> 10
3 192 192 --> 9
142 195 146 --> 2
3 3 54 --> 1
199 201 13 --> 17
175 142 265 --> 1
13 102 196 --> 1
142 104 142 --> 13
195 195 200 --> 1
125 192 6 --> 1
125 192 5 --> 3
78 102 142 --> 72
125 192 3 --> 3
85 5 265 --> 2
78 102 146 --> 8
5 91 3 --> 11
66 20 65 --> 1
195 3 195 --> 1
5 91 6 --> 6
5 91 5 --> 16
10 102 102 --> 45
13 4 13 --> 26
13 240 13 --> 25
197 33 5 --> 1
196 197 199 --> 1
10 5 196 --> 1
91 91 162 --> 1
168 168 146 --> 44
197 33 3 --> 1
78 4 240 --> 25
162 4 4 --> 1
6 195 196 --> 1
6 195 197 --> 4
5 196 195 --> 1
196 196 102 --> 21
197 195 192 --> 1
192 5 141 --> 1
85 10 195 --> 2
192 125 125 --> 11
102 85 309 --> 4
142 102 142 --> 62
85 196 309 --> 3
142 102 146 --> 10
27 6 309 --> 3
5 6 102 --> 2
13 195 3 --> 1
195 201 175 --> 1
3 91 13 --> 2
197 3 5 --> 5
197 3 6 --> 6
197 3 3 --> 9
195 10 6 --> 2
78 168 4 --> 4
27 195 102 --> 2
78 191 54 --> 1
78 168 3 --> 13
78 5 5 --> 1
13 240 4 --> 25
240 102 168 --> 1
265 102 85 --> 4
195 195 195 --> 8
195 195 196 --> 4
5 265 27 --> 1
27 6 85 --> 3
78 13 78 --> 16
195 175 45 --> 1
142 6 102 --> 6
221 192 91 --> 1
175 63 221 --> 1
27 309 102 --> 20
102 168 265 --> 12
33 78 191 --> 1
265 119 175 --> 1
195 142 78 --> 11
102 195 146 --> 1
102 91 91 --> 3
102 195 142 --> 3
196 102 102 --> 13
85 5 10 --> 1
33 125 195 --> 1
102 78 168 --> 1
4 5 33 --> 1
6 102 27 --> 4
91 192 33 --> 1
6 174 174 --> 5
309 195 309 --> 1
60 195 197 --> 1
192 33 91 --> 1
4 4 5 --> 1
4 4 4 --> 32
6 102 10 --> 1
6 102 13 --> 1
146 78 142 --> 30
195 265 309 --> 2
340 168 3 --> 5
197 102 102 --> 1
195 200 33 --> 1
195 102 85 --> 3
102 142 142 --> 52
102 142 146 --> 15
104 102 142 --> 2
258 174 122 --> 1
6 5 91 --> 7
196 102 6 --> 1
196 102 4 --> 2
78 162 91 --> 1
195 6 3 --> 1
102 10 27 --> 5
195 6 5 --> 2
6 5 192 --> 14
265 195 102 --> 1
197 192 91 --> 1
6 5 197 --> 35
78 168 102 --> 3
78 102 6 --> 38
3 5 192 --> 12
4 78 168 --> 3
3 5 197 --> 6
3 5 195 --> 2
195 265 168 --> 1
4 13 265 --> 4
102 5 10 --> 6
102 5 13 --> 17
4 168 78 --> 2
4 168 168 --> 7
195 146 13 --> 1
3 340 265 --> 2
85 195 265 --> 5
175 3 195 --> 1
240 168 78 --> 3
78 3 78 --> 9
221 27 174 --> 17
196 85 195 --> 2
3 175 265 --> 1
3 197 192 --> 157
13 13 265 --> 3
192 3 195 --> 3
268 5 3 --> 2
192 3 3 --> 49
192 3 5 --> 46
192 3 6 --> 5
78 240 168 --> 4
85 102 102 --> 13
78 265 240 --> 7
168 102 4 --> 2
91 195 192 --> 3
120 102 7 --> 4
120 102 6 --> 1
5 6 192 --> 3
4 4 78 --> 30
5 6 196 --> 1
5 6 197 --> 4
175 4 175 --> 3
5 6 175 --> 1
6 85 309 --> 1
5 192 33 --> 4
104 3 265 --> 8
5 5 175 --> 1
102 142 13 --> 3
102 13 142 --> 4
125 192 125 --> 3
309 5 309 --> 13
340 3 168 --> 3
6 78 168 --> 1
104 146 142 --> 3
102 4 102 --> 1
102 5 195 --> 4
102 5 196 --> 1
5 162 5 --> 1
91 199 195 --> 6
6 27 85 --> 1
5 4 175 --> 2
174 174 11 --> 5
85 85 27 --> 1
196 102 27 --> 5
6 197 102 --> 1
91 3 4 --> 1
102 265 195 --> 1
3 102 265 --> 2
195 196 10 --> 1
307 175 4 --> 1
142 162 4 --> 1
265 10 102 --> 22
27 309 10 --> 2
221 4 4 --> 1
33 33 78 --> 1
78 265 4 --> 2
7 27 7 --> 3
6 142 102 --> 15
120 120 102 --> 3
78 265 3 --> 1
3 3 64 --> 1
141 5 91 --> 1
6 142 195 --> 3
4 240 265 --> 5
5 221 91 --> 1
5 102 265 --> 2
120 102 120 --> 2
85 85 265 --> 2
309 27 309 --> 5
192 33 125 --> 1
33 125 91 --> 2
13 102 146 --> 1
13 102 142 --> 3
78 162 4 --> 1
27 265 102 --> 3
4 5 221 --> 2
125 125 91 --> 42
10 102 85 --> 4
168 4 3 --> 2
64 195 195 --> 1
142 142 78 --> 120
43 43 43 --> 4
6 6 197 --> 1
91 197 6 --> 1
91 197 5 --> 3
142 91 125 --> 1
91 197 3 --> 4
5 195 265 --> 2
