5 3 6 5 5 192 3 --> 1
142 4 142 3 13 102 4 --> 2
27 5 13 102 6 142 4 --> 1
13 199 6 91 142 102 102 --> 1
43 168 265 265 3 265 43 --> 1
268 45 197 3 192 221 197 --> 1
102 6 4 5 142 13 102 --> 1
192 140 91 6 5 3 33 --> 1
5 3 33 142 6 91 6 --> 1
168 3 43 3 3 265 168 --> 1
102 13 3 13 102 6 3 --> 1
3 3 199 5 5 6 4 --> 1
142 102 142 3 102 5 4 --> 1
5 197 192 3 6 91 5 --> 1
174 174 174 174 174 174 174 --> 1
192 140 91 6 5 221 6 --> 1
54 174 174 174 174 174 174 --> 1
5 102 142 174 5 91 13 --> 1
3 168 265 43 3 265 43 --> 1
78 142 146 78 102 78 142 --> 1
168 3 3 265 3 265 168 --> 1
162 114 162 114 162 162 162 --> 1
162 5 5 197 192 3 5 --> 1
240 13 4 78 240 240 13 --> 1
265 168 265 168 265 265 168 --> 1
5 13 142 142 4 13 102 --> 1
192 140 91 6 91 91 91 --> 1
3 3 3 265 265 142 104 --> 1
102 6 91 6 91 3 13 --> 1
265 168 265 3 265 265 265 --> 1
5 140 197 192 140 91 6 --> 1
265 265 168 3 168 265 168 --> 1
3 3 3 3 168 168 168 --> 1
5 140 197 192 140 13 102 --> 1
78 78 142 78 146 78 78 --> 1
13 199 5 140 3 6 91 --> 1
78 142 142 102 78 78 78 --> 1
168 3 168 146 168 168 265 --> 1
3 5 78 240 265 240 168 --> 1
33 5 140 3 3 102 102 --> 1
3 33 142 4 174 197 142 --> 1
240 174 174 175 191 122 268 --> 1
168 3 3 168 168 168 168 --> 1
199 5 140 197 142 4 91 --> 1
265 265 168 265 292 265 265 --> 1
78 13 13 240 13 4 265 --> 1
142 3 13 102 142 13 102 --> 1
142 3 265 146 142 146 3 --> 1
5 6 6 102 91 91 91 --> 1
168 265 43 3 3 168 3 --> 1
4 91 5 4 13 3 6 --> 1
265 3 265 168 265 3 265 --> 1
168 3 3 168 265 168 265 --> 1
168 168 168 168 265 3 265 --> 1
13 102 142 13 102 6 3 --> 1
265 168 168 168 168 265 168 --> 1
3 3 13 102 91 91 91 --> 1
162 114 162 162 114 162 114 --> 1
140 142 4 4 91 91 91 --> 1
91 6 4 33 142 3 91 --> 1
78 13 13 78 13 265 265 --> 1
6 102 78 78 78 142 78 --> 1
265 265 168 168 102 265 168 --> 1
4 13 91 102 5 3 4 --> 1
197 192 140 91 5 102 91 --> 1
3 265 3 265 265 168 265 --> 1
3 4 4 4 4 4 4 --> 1
43 168 265 43 3 265 43 --> 1
4 33 3 5 13 91 91 --> 1
102 6 91 102 13 91 91 --> 1
162 162 162 114 162 114 162 --> 1
168 168 168 168 168 168 168 --> 1
13 102 6 3 13 102 102 --> 1
174 174 174 174 6 91 6 --> 2
265 142 265 119 146 142 3 --> 1
3 3 3 6 33 5 140 --> 1
265 3 168 168 168 265 168 --> 1
265 265 168 265 265 265 265 --> 2
140 27 174 27 221 3 142 --> 1
13 102 6 142 3 3 3 --> 1
265 240 240 13 4 265 265 --> 1
3 102 102 102 91 5 197 --> 1
4 33 5 4 91 91 91 --> 1
13 102 102 102 13 102 91 --> 1
142 13 102 91 199 102 142 --> 1
91 102 3 3 102 91 91 --> 1
265 146 142 142 265 142 142 --> 1
6 142 4 142 3 13 102 --> 2
3 142 104 3 142 142 3 --> 1
168 102 265 168 168 265 265 --> 1
3 265 3 168 265 3 265 --> 1
102 5 13 13 33 5 4 --> 1
168 3 3 265 168 265 168 --> 1
4 4 4 4 240 13 4 --> 1
13 91 3 4 3 3 91 --> 1
78 142 78 102 78 146 142 --> 1
168 265 265 265 265 168 265 --> 1
142 146 142 142 142 265 175 --> 1
91 91 91 91 91 91 91 --> 4
168 168 168 3 168 168 265 --> 1
168 168 265 3 168 3 265 --> 1
142 78 78 142 6 142 6 --> 1
13 4 78 13 13 78 265 --> 1
102 6 3 13 102 102 102 --> 1
91 27 102 13 192 91 142 --> 1
102 13 102 91 91 6 91 --> 1
6 265 265 6 5 6 265 --> 1
142 146 142 3 142 3 104 --> 1
6 6 168 5 6 5 6 --> 1
240 240 240 13 4 240 240 --> 1
