168 168 168 265 265 3 265 --> 1
265 265 265 265 265 265 168 --> 1
195 6 3 3 5 195 6 --> 1
140 78 78 78 3 78 10 --> 1
102 102 102 78 78 120 240 --> 1
265 168 168 168 78 3 168 --> 1
168 265 3 168 265 265 168 --> 1
240 240 240 240 240 78 78 --> 1
10 10 192 192 78 242 10 --> 1
168 102 168 168 168 265 168 --> 1
162 162 162 162 162 162 162 --> 1
78 240 78 78 78 240 78 --> 1
265 168 168 265 168 168 168 --> 1
114 114 162 114 114 162 162 --> 1
242 78 78 78 78 78 78 --> 1
78 78 174 78 140 78 192 --> 1
192 125 78 78 78 78 78 --> 1
240 102 240 240 309 102 33 --> 1
3 43 168 3 3 168 265 --> 1
162 162 162 114 162 162 162 --> 1
240 240 265 240 240 240 240 --> 1
78 140 240 175 78 78 240 --> 1
78 78 78 78 78 10 78 --> 2
168 168 168 3 265 265 168 --> 1
78 242 78 78 78 78 78 --> 1
175 142 142 3 3 142 265 --> 1
240 240 78 78 78 6 265 --> 1
4 240 4 13 78 4 240 --> 1
168 265 265 168 265 265 168 --> 1
168 168 168 3 168 168 265 --> 1
168 168 3 168 265 3 168 --> 1
240 265 265 240 240 240 219 --> 1
114 162 162 114 114 162 162 --> 1
168 265 168 168 265 168 3 --> 1
168 3 168 3 168 78 168 --> 1
162 114 162 162 162 162 162 --> 1
54 3 102 102 63 78 78 --> 1
265 265 3 3 3 265 168 --> 1
265 40 40 175 242 78 78 --> 1
78 78 78 265 10 240 240 --> 1
265 168 265 265 265 168 168 --> 1
197 102 102 102 102 102 102 --> 1
142 3 175 142 265 265 104 --> 1
174 174 174 174 174 174 174 --> 3
240 240 174 174 175 191 122 --> 1
54 309 54 54 54 54 54 --> 1
5 197 5 192 197 5 3 --> 1
265 3 168 265 168 168 265 --> 1
78 240 240 78 240 240 240 --> 1
5 197 192 3 3 6 91 --> 1
168 168 168 168 168 168 102 --> 1
240 240 240 78 240 240 78 --> 1
168 168 168 168 265 265 3 --> 1
142 3 3 265 142 142 3 --> 1
265 265 265 146 265 3 168 --> 1
102 168 265 168 168 265 168 --> 1
265 168 265 168 168 168 168 --> 1
78 78 78 240 40 125 3 --> 1
168 168 168 168 265 168 265 --> 1
168 265 265 168 168 168 265 --> 1
91 6 5 91 192 5 91 --> 1
78 78 78 242 140 78 78 --> 1
142 146 104 265 265 265 142 --> 1
5 197 5 5 6 5 5 --> 1
168 168 3 3 168 168 168 --> 1
3 3 142 142 265 3 142 --> 1
168 3 4 168 3 168 146 --> 1
3 168 3 265 3 3 265 --> 1
102 102 102 102 102 102 102 --> 2
146 146 142 265 142 142 265 --> 1
162 162 114 114 162 162 162 --> 1
102 120 240 102 102 240 102 --> 1
240 240 240 240 240 240 240 --> 1
142 3 265 3 175 265 142 --> 1
162 162 162 162 162 114 162 --> 1
162 91 5 5 3 192 3 --> 1
3 3 265 168 3 3 3 --> 1
3 3 265 265 168 168 168 --> 1
168 168 3 168 3 3 168 --> 1
5 63 140 78 78 10 240 --> 1
