162 5 5 --> 1
142 54 146 --> 1
3 91 168 --> 1
3 3 5 --> 22
78 3 195 --> 8
78 3 196 --> 3
3 3 6 --> 11
3 3 3 --> 356
268 45 45 --> 4
120 120 3 --> 1
309 309 54 --> 12
104 175 104 --> 3
104 142 142 --> 18
114 162 114 --> 119
265 265 43 --> 39
78 265 10 --> 1
33 195 195 --> 6
142 142 91 --> 1
33 195 196 --> 1
265 142 117 --> 1
3 3 4 --> 1
78 192 5 --> 2
265 142 119 --> 1
197 192 3 --> 6
5 78 78 --> 24
197 192 6 --> 6
78 3 197 --> 1
125 78 102 --> 1
163 119 146 --> 1
102 33 102 --> 2
3 125 125 --> 1
78 3 192 --> 2
125 4 242 --> 1
265 3 119 --> 1
195 125 78 --> 2
125 195 78 --> 1
175 3 265 --> 9
125 122 78 --> 1
140 6 78 --> 1
125 196 78 --> 1
195 33 33 --> 1
5 78 125 --> 3
142 3 3 --> 57
104 104 142 --> 7
140 197 140 --> 1
242 91 78 --> 1
114 114 114 --> 32
6 265 192 --> 1
78 125 192 --> 3
78 125 196 --> 1
78 125 195 --> 1
43 265 168 --> 56
265 3 5 --> 1
104 142 146 --> 3
125 3 78 --> 6
265 146 265 --> 23
6 140 78 --> 1
175 3 3 --> 14
6 78 192 --> 2
3 168 146 --> 16
265 3 6 --> 1
3 168 140 --> 1
6 5 162 --> 2
192 120 240 --> 3
3 265 43 --> 54
4 168 3 --> 1
142 3 104 --> 16
120 240 102 --> 2
240 78 158 --> 1
13 5 78 --> 1
168 265 168 --> 1003
3 265 146 --> 17
142 104 146 --> 4
142 104 142 --> 20
33 197 3 --> 1
4 3 78 --> 1
43 168 168 --> 40
102 102 63 --> 1
102 102 240 --> 8
174 78 78 --> 2
54 240 3 --> 2
78 78 195 --> 98
78 78 197 --> 3
78 78 196 --> 54
78 78 192 --> 27
175 54 175 --> 5
78 78 199 --> 1
104 146 175 --> 3
3 78 240 --> 2
4 78 192 --> 1
91 3 78 --> 2
163 163 146 --> 4
104 104 3 --> 6
78 197 140 --> 2
5 197 91 --> 4
146 265 146 --> 7
78 78 220 --> 3
146 265 142 --> 9
54 3 142 --> 1
3 195 102 --> 1
195 140 140 --> 4
195 102 102 --> 10
265 340 265 --> 5
54 5 54 --> 1
43 168 3 --> 32
78 102 78 --> 16
195 3 240 --> 1
240 195 125 --> 1
3 3 78 --> 35
221 6 5 --> 1
192 192 192 --> 20
140 78 10 --> 1
146 142 104 --> 3
78 192 174 --> 1
146 146 146 --> 28
197 192 192 --> 39
146 146 104 --> 3
162 3 5 --> 2
197 3 91 --> 1
120 192 120 --> 1
195 220 78 --> 1
78 120 240 --> 6
168 43 168 --> 40
240 240 265 --> 222
192 102 102 --> 2
311 5 122 --> 1
125 91 258 --> 5
125 6 5 --> 1
168 3 43 --> 31
265 168 3 --> 380
168 54 265 --> 1
175 78 78 --> 1
125 13 141 --> 1
240 102 102 --> 14
142 265 142 --> 46
104 142 175 --> 7
142 265 146 --> 11
3 195 78 --> 4
3 265 54 --> 1
5 3 197 --> 41
5 3 195 --> 4
78 125 78 --> 30
3 3 91 --> 6
119 104 142 --> 3
142 54 3 --> 2
120 125 78 --> 1
340 43 3 --> 1
33 3 125 --> 1
33 3 33 --> 1
265 104 104 --> 2
3 10 195 --> 1
265 104 175 --> 2
221 221 6 --> 1
175 104 175 --> 5
3 78 54 --> 1
168 43 340 --> 1
104 265 119 --> 2
265 104 265 --> 10
168 168 43 --> 47
5 220 220 --> 1
102 140 78 --> 4
45 120 78 --> 1
240 4 240 --> 1
78 195 102 --> 4
4 4 140 --> 2
240 125 78 --> 4
142 146 142 --> 25
142 146 146 --> 5
4 78 78 --> 8
196 78 195 --> 5
78 13 13 --> 12
196 78 196 --> 18
265 240 240 --> 243
196 78 192 --> 1
265 3 195 --> 4
221 78 78 --> 1
33 78 78 --> 4
78 242 10 --> 1
4 13 240 --> 2
168 146 196 --> 1
142 175 265 --> 7
140 125 78 --> 1
5 54 54 --> 1
175 175 91 --> 2
102 195 195 --> 1
195 168 3 --> 1
142 142 3 --> 46
240 78 125 --> 1
175 91 142 --> 1
78 10 196 --> 1
13 13 240 --> 2
78 240 140 --> 4
5 141 192 --> 1
142 104 175 --> 4
102 240 240 --> 2
142 3 265 --> 38
91 266 265 --> 1
163 146 146 --> 6
102 102 78 --> 37
240 196 140 --> 1
54 102 102 --> 1
6 91 196 --> 1
265 43 340 --> 1
5 6 91 --> 4
175 175 3 --> 5
196 78 33 --> 3
140 3 140 --> 12
39 5 197 --> 1
196 192 192 --> 1
104 175 3 --> 5
91 3 141 --> 1
91 3 142 --> 1
6 78 140 --> 1
125 120 240 --> 2
5 192 3 --> 5
146 142 265 --> 10
5 192 6 --> 1
5 141 3 --> 2
5 192 5 --> 5
39 140 125 --> 1
195 240 140 --> 1
195 196 78 --> 10
3 141 3 --> 1
240 5 78 --> 1
220 220 6 --> 1
3 91 265 --> 1
4 265 265 --> 2
120 102 102 --> 1
4 140 78 --> 1
197 91 5 --> 3
309 54 3 --> 3
120 240 78 --> 4
91 4 192 --> 1
4 195 78 --> 1
78 192 102 --> 1
3 6 195 --> 4
3 6 197 --> 2
3 162 91 --> 1
146 146 175 --> 2
78 5 196 --> 1
78 5 197 --> 3
78 5 195 --> 3
265 265 13 --> 1
104 175 175 --> 3
265 175 175 --> 3
78 5 199 --> 1
3 33 125 --> 1
5 195 3 --> 6
192 78 140 --> 1
125 125 78 --> 6
168 102 168 --> 25
114 162 162 --> 388
220 197 5 --> 1
91 6 91 --> 1
196 195 33 --> 2
91 195 5 --> 1
6 6 78 --> 1
175 265 146 --> 3
175 265 142 --> 11
104 265 3 --> 12
142 265 175 --> 3
102 122 78 --> 1
195 192 5 --> 2
174 3 5 --> 1
174 3 6 --> 1
119 104 175 --> 1
174 3 3 --> 3
3 119 146 --> 1
265 119 104 --> 2
13 240 240 --> 1
240 240 309 --> 1
78 78 39 --> 1
78 78 33 --> 3
3 3 119 --> 1
104 265 104 --> 5
3 142 104 --> 22
3 265 3 --> 287
195 6 197 --> 2
195 6 195 --> 1
240 192 192 --> 1
5 162 3 --> 1
175 119 146 --> 2
175 119 142 --> 4
168 3 195 --> 2
6 195 78 --> 4
78 6 78 --> 3
5 192 125 --> 1
196 78 3 --> 1
196 78 140 --> 1
78 196 240 --> 1
5 195 78 --> 2
13 13 13 --> 1
265 240 3 --> 1
168 340 168 --> 2
197 91 192 --> 1
5 192 78 --> 1
197 91 197 --> 1
91 168 78 --> 1
91 13 33 --> 1
168 146 168 --> 63
120 240 120 --> 1
192 125 5 --> 2
265 265 340 --> 5
3 265 142 --> 41
3 195 340 --> 3
162 91 5 --> 2
3 240 78 --> 2
33 125 3 --> 1
192 91 192 --> 2
196 3 78 --> 4
5 5 33 --> 2
168 265 102 --> 14
3 6 201 --> 1
119 175 142 --> 2
102 33 195 --> 1
197 221 221 --> 1
6 196 195 --> 1
3 43 3 --> 37
242 265 240 --> 1
4 54 54 --> 1
91 91 3 --> 2
195 5 195 --> 4
78 196 85 --> 2
6 125 141 --> 1
91 3 91 --> 4
195 78 33 --> 3
13 4 4 --> 3
122 102 102 --> 1
78 10 40 --> 1
122 78 192 --> 1
146 265 168 --> 25
3 43 168 --> 24
162 114 114 --> 111
40 192 242 --> 1
240 78 13 --> 1
78 168 78 --> 6
3 195 168 --> 2
142 104 3 --> 26
192 3 125 --> 1
54 146 142 --> 1
197 91 91 --> 1
3 309 54 --> 3
78 102 102 --> 39
140 168 168 --> 1
196 140 3 --> 1
265 192 6 --> 1
125 140 78 --> 3
78 6 195 --> 5
78 6 196 --> 1
78 102 140 --> 2
146 146 168 --> 3
5 3 78 --> 6
57 175 54 --> 5
5 197 140 --> 1
146 146 163 --> 6
3 192 240 --> 1
142 119 3 --> 1
3 140 3 --> 9
240 219 219 --> 1
265 168 168 --> 925
125 6 78 --> 1
19 19 4 --> 1
4 13 13 --> 2
265 78 240 --> 86
63 78 78 --> 1
119 175 3 --> 1
240 240 240 --> 1548
146 168 168 --> 49
265 265 3 --> 393
265 168 340 --> 4
5 240 40 --> 1
265 104 192 --> 1
119 119 142 --> 1
265 3 43 --> 34
265 142 3 --> 35
33 33 33 --> 2
265 265 78 --> 19
175 146 3 --> 4
175 175 119 --> 1
168 168 102 --> 27
91 91 91 --> 1
3 142 265 --> 42
125 240 196 --> 1
78 5 4 --> 1
266 265 78 --> 1
125 240 192 --> 1
240 240 10 --> 1
119 265 3 --> 1
220 174 3 --> 1
192 6 54 --> 3
4 5 78 --> 2
78 45 120 --> 1
3 78 78 --> 376
102 78 122 --> 1
220 78 78 --> 3
120 78 120 --> 1
240 78 3 --> 2
3 13 102 --> 1
3 33 3 --> 2
146 104 142 --> 4
54 265 240 --> 2
78 195 3 --> 9
11 33 195 --> 1
78 195 6 --> 2
78 195 125 --> 1
78 195 5 --> 3
3 91 195 --> 1
265 40 40 --> 1
340 43 43 --> 1
78 195 78 --> 55
3 125 78 --> 6
78 3 140 --> 21
78 3 146 --> 1
3 192 78 --> 1
195 195 168 --> 1
104 265 265 --> 17
142 146 104 --> 3
265 340 3 --> 1
5 201 3 --> 1
265 265 192 --> 1
78 192 91 --> 1
6 91 78 --> 1
91 192 192 --> 1
168 3 340 --> 4
91 192 196 --> 1
78 125 122 --> 2
78 125 120 --> 2
141 192 5 --> 1
78 125 125 --> 4
6 3 197 --> 2
104 104 265 --> 5
13 13 4 --> 6
242 175 125 --> 1
78 219 78 --> 1
219 219 3 --> 2
240 3 54 --> 3
3 265 175 --> 7
33 195 78 --> 3
140 78 196 --> 2
140 78 195 --> 7
146 3 104 --> 6
219 78 240 --> 1
78 240 125 --> 3
78 122 78 --> 1
240 54 54 --> 4
78 240 120 --> 2
33 33 197 --> 1
33 33 196 --> 1
33 33 195 --> 5
3 168 265 --> 446
175 146 146 --> 1
140 125 120 --> 1
140 125 125 --> 1
240 196 78 --> 1
240 78 219 --> 1
102 78 78 --> 39
6 33 3 --> 1
196 197 140 --> 2
6 33 5 --> 36
168 3 168 --> 502
104 146 104 --> 1
125 78 78 --> 45
5 6 265 --> 1
43 3 43 --> 14
5 192 91 --> 1
102 102 120 --> 2
102 102 122 --> 2
78 220 78 --> 1
125 122 192 --> 1
174 174 57 --> 5
43 265 340 --> 1
265 195 168 --> 3
120 240 240 --> 3
168 265 340 --> 2
43 265 265 --> 52
3 265 195 --> 3
78 242 140 --> 1
3 168 43 --> 30
78 197 195 --> 1
195 140 78 --> 16
43 168 265 --> 42
175 6 3 --> 5
195 340 340 --> 1
54 309 309 --> 13
168 78 3 --> 7
78 192 120 --> 3
78 192 125 --> 6
192 125 192 --> 2
192 78 3 --> 3
45 33 192 --> 5
102 125 78 --> 1
196 195 3 --> 3
197 6 195 --> 1
168 168 265 --> 945
125 141 6 --> 1
54 54 309 --> 77
142 146 3 --> 13
197 221 78 --> 1
54 4 54 --> 1
340 168 43 --> 3
192 175 175 --> 2
340 43 168 --> 1
10 40 192 --> 1
192 6 125 --> 1
78 91 3 --> 2
142 265 119 --> 5
195 340 168 --> 1
33 192 91 --> 1
3 175 3 --> 9
158 78 78 --> 1
78 5 240 --> 1
191 122 268 --> 4
265 104 3 --> 26
175 175 104 --> 2
13 102 102 --> 1
168 162 168 --> 1
6 125 91 --> 1
3 19 19 --> 1
3 3 125 --> 1
91 78 195 --> 1
142 119 104 --> 2
91 91 192 --> 1
146 146 3 --> 3
265 104 146 --> 2
265 104 142 --> 8
175 104 142 --> 2
168 3 78 --> 6
78 78 10 --> 4
78 120 102 --> 1
3 3 340 --> 1
43 43 195 --> 2
125 195 5 --> 1
78 13 240 --> 1
78 33 102 --> 1
146 104 3 --> 2
168 43 265 --> 47
5 140 78 --> 4
6 5 125 --> 1
3 5 140 --> 1
3 5 141 --> 1
78 196 3 --> 2
142 142 119 --> 8
192 162 5 --> 1
102 78 240 --> 1
240 265 219 --> 1
195 33 78 --> 1
5 125 5 --> 2
5 125 6 --> 1
175 174 174 --> 5
168 146 146 --> 5
146 3 175 --> 1
175 91 175 --> 1
3 265 168 --> 407
146 163 163 --> 4
192 197 5 --> 2
91 175 175 --> 1
175 146 175 --> 1
125 196 3 --> 1
125 3 33 --> 1
125 33 6 --> 1
54 240 54 --> 3
102 5 3 --> 1
102 5 5 --> 1
33 78 195 --> 2
195 265 3 --> 1
91 5 201 --> 1
340 168 3 --> 1
91 3 174 --> 1
265 78 3 --> 1
265 54 175 --> 1
119 142 265 --> 4
197 196 78 --> 1
192 192 240 --> 1
119 146 175 --> 2
3 102 102 --> 5
120 240 3 --> 1
43 3 168 --> 44
3 265 340 --> 3
125 3 125 --> 1
3 6 91 --> 8
102 3 13 --> 1
43 195 340 --> 1
122 268 45 --> 4
240 78 78 --> 244
3 78 192 --> 1
3 78 196 --> 2
3 78 195 --> 7
3 5 78 --> 2
265 3 3 --> 266
196 33 196 --> 1
4 13 4 --> 19
196 33 195 --> 1
78 102 125 --> 1
192 242 78 --> 1
196 195 196 --> 3
6 197 195 --> 2
196 195 195 --> 7
5 195 102 --> 1
54 175 6 --> 5
5 4 4 --> 1
5 4 5 --> 1
146 146 142 --> 5
78 192 240 --> 6
265 175 142 --> 4
265 175 146 --> 2
192 6 5 --> 2
192 6 3 --> 4
195 3 6 --> 5
195 3 5 --> 2
195 3 4 --> 1
195 3 3 --> 6
6 220 78 --> 1
146 168 146 --> 9
265 168 102 --> 10
192 240 240 --> 2
78 85 78 --> 1
6 6 125 --> 1
3 140 174 --> 1
3 91 91 --> 1
5 122 78 --> 1
142 265 104 --> 25
195 78 5 --> 1
195 78 3 --> 4
5 195 5 --> 2
5 195 6 --> 2
175 3 104 --> 5
265 142 146 --> 19
265 142 142 --> 43
175 175 175 --> 33
168 340 43 --> 1
5 168 168 --> 1
142 119 175 --> 2
54 174 174 --> 3
240 240 219 --> 1
3 78 10 --> 2
102 78 102 --> 10
175 265 265 --> 3
3 142 3 --> 71
195 5 197 --> 1
6 162 5 --> 1
195 5 3 --> 3
195 5 5 --> 4
6 162 3 --> 1
3 3 201 --> 2
265 340 168 --> 4
168 195 265 --> 1
54 175 142 --> 1
125 78 240 --> 1
78 195 140 --> 17
197 140 3 --> 2
5 125 78 --> 1
142 117 142 --> 1
91 5 3 --> 4
91 5 5 --> 15
146 104 146 --> 1
91 5 6 --> 8
78 3 168 --> 5
13 78 240 --> 1
192 91 91 --> 1
43 43 168 --> 12
3 91 3 --> 4
265 265 175 --> 2
5 91 141 --> 1
91 196 4 --> 1
142 142 104 --> 18
102 33 33 --> 1
168 265 146 --> 30
33 78 33 --> 1
54 6 91 --> 1
242 78 78 --> 5
3 125 195 --> 1
240 4 4 --> 5
175 104 265 --> 1
3 140 78 --> 26
219 3 102 --> 2
5 78 192 --> 3
265 43 168 --> 47
146 3 168 --> 26
240 4 13 --> 3
240 3 78 --> 4
78 240 102 --> 3
199 192 78 --> 1
78 174 3 --> 1
340 168 168 --> 1
240 174 174 --> 5
104 3 142 --> 32
104 3 146 --> 5
175 146 163 --> 1
3 168 240 --> 1
6 5 33 --> 2
122 192 125 --> 1
102 195 33 --> 1
240 174 192 --> 1
195 195 102 --> 1
78 78 140 --> 262
78 78 146 --> 3
102 78 13 --> 1
265 146 142 --> 19
140 3 102 --> 1
265 146 146 --> 6
168 3 140 --> 2
192 196 6 --> 1
168 3 146 --> 16
340 340 3 --> 1
5 63 140 --> 1
102 102 102 --> 238
78 10 78 --> 3
119 146 163 --> 1
4 13 78 --> 1
120 240 265 --> 1
102 6 3 --> 2
78 140 140 --> 17
240 240 102 --> 1
102 265 265 --> 16
78 196 140 --> 2
140 78 78 --> 263
6 3 3 --> 9
6 3 5 --> 6
6 3 6 --> 5
6 201 5 --> 1
3 78 168 --> 4
240 309 102 --> 2
4 3 3 --> 1
196 39 5 --> 1
78 6 140 --> 1
6 146 146 --> 1
196 196 195 --> 2
5 197 196 --> 1
196 196 197 --> 1
196 196 196 --> 6
265 168 146 --> 26
265 265 195 --> 3
3 43 265 --> 33
102 120 240 --> 2
3 54 54 --> 27
146 163 91 --> 1
91 196 125 --> 1
168 168 54 --> 1
265 168 43 --> 47
340 3 265 --> 6
3 168 195 --> 2
43 43 3 --> 13
91 141 6 --> 1
146 168 265 --> 32
3 146 104 --> 11
4 192 192 --> 1
175 191 122 --> 5
119 265 142 --> 3
265 195 3 --> 3
340 265 168 --> 3
196 192 78 --> 2
192 5 6 --> 2
196 78 240 --> 3
192 5 5 --> 5
192 5 3 --> 3
54 119 3 --> 1
5 5 5 --> 40
5 5 4 --> 2
5 5 6 --> 18
5 3 140 --> 1
5 5 3 --> 23
33 125 78 --> 1
265 142 175 --> 8
195 195 125 --> 1
146 265 265 --> 14
240 240 3 --> 1
240 240 120 --> 1
240 240 125 --> 2
265 168 265 --> 820
265 142 192 --> 1
78 125 240 --> 8
3 102 6 --> 1
142 146 265 --> 9
195 6 220 --> 1
10 10 192 --> 1
140 192 125 --> 1
196 197 3 --> 1
196 195 78 --> 2
6 195 5 --> 1
5 196 3 --> 1
197 5 192 --> 1
3 78 3 --> 35
3 78 6 --> 1
168 146 265 --> 20
3 78 4 --> 3
3 78 5 --> 3
78 33 125 --> 1
140 78 5 --> 1
5 3 3 --> 14
78 4 13 --> 2
45 5 197 --> 4
5 3 5 --> 23
3 3 104 --> 35
3 3 102 --> 2
340 265 3 --> 2
6 192 192 --> 5
54 54 174 --> 3
265 265 168 --> 706
195 196 3 --> 1
142 142 175 --> 19
195 196 5 --> 1
142 192 3 --> 1
162 162 162 --> 1254
125 240 78 --> 5
240 10 10 --> 1
195 265 265 --> 1
3 104 3 --> 30
4 78 4 --> 1
4 78 3 --> 1
33 5 197 --> 5
4 4 240 --> 3
39 78 39 --> 1
5 3 192 --> 4
265 13 13 --> 1
6 3 162 --> 1
174 5 192 --> 1
125 125 3 --> 1
122 5 199 --> 1
146 163 146 --> 55
5 5 78 --> 2
104 3 175 --> 5
102 102 5 --> 4
102 102 4 --> 3
265 3 142 --> 32
265 3 146 --> 13
265 142 104 --> 10
196 125 91 --> 1
3 4 3 --> 1
5 5 91 --> 15
3 4 4 --> 1
197 6 78 --> 1
102 4 4 --> 1
240 78 265 --> 104
78 78 174 --> 4
265 146 175 --> 1
117 78 196 --> 1
91 3 192 --> 1
91 3 197 --> 1
175 242 78 --> 1
102 54 3 --> 1
3 33 78 --> 1
146 142 3 --> 14
63 140 78 --> 1
102 5 63 --> 1
104 192 175 --> 1
309 309 309 --> 1
78 240 240 --> 478
102 5 102 --> 1
102 168 168 --> 25
265 54 119 --> 1
3 168 78 --> 3
6 102 5 --> 1
140 78 140 --> 23
5 199 192 --> 1
33 5 91 --> 1
43 340 43 --> 1
39 195 3 --> 1
39 195 4 --> 1
5 91 91 --> 1
5 78 3 --> 1
5 78 6 --> 1
195 39 125 --> 1
102 265 102 --> 1
78 140 197 --> 1
125 102 3 --> 1
5 3 91 --> 5
40 175 242 --> 1
240 120 125 --> 1
196 6 6 --> 1
168 265 265 --> 732
10 240 240 --> 1
3 6 162 --> 1
78 6 5 --> 2
78 6 6 --> 1
78 6 3 --> 1
119 142 54 --> 1
13 240 78 --> 1
309 265 102 --> 3
125 5 33 --> 1
196 140 78 --> 2
5 197 192 --> 15
4 240 309 --> 1
78 13 78 --> 1
4 242 78 --> 1
3 146 175 --> 4
119 3 265 --> 2
3 168 5 --> 1
3 174 3 --> 2
3 168 3 --> 333
175 146 142 --> 4
78 3 78 --> 336
3 104 142 --> 16
13 4 265 --> 1
3 104 146 --> 5
33 195 6 --> 1
5 3 174 --> 1
3 192 192 --> 2
195 168 168 --> 3
120 3 78 --> 1
33 33 91 --> 1
265 119 265 --> 6
311 91 5 --> 1
78 5 125 --> 2
125 240 240 --> 3
6 3 91 --> 1
10 78 78 --> 1
197 140 78 --> 3
78 3 102 --> 1
192 91 78 --> 1
3 201 5 --> 2
125 4 78 --> 1
5 197 6 --> 1
5 197 5 --> 5
5 197 3 --> 5
3 3 175 --> 18
3 3 174 --> 1
196 196 3 --> 1
142 91 3 --> 1
240 78 91 --> 1
78 242 78 --> 1
6 91 37 --> 1
140 5 140 --> 1
340 43 265 --> 3
104 142 3 --> 12
309 3 54 --> 14
195 78 195 --> 12
195 78 196 --> 1
195 78 197 --> 1
240 265 265 --> 40
6 125 195 --> 1
78 140 3 --> 52
78 140 5 --> 2
78 140 6 --> 1
140 3 3 --> 3
146 3 146 --> 3
146 3 142 --> 20
78 220 195 --> 1
33 6 91 --> 1
168 340 3 --> 4
78 220 196 --> 1
78 125 3 --> 6
197 3 102 --> 1
91 192 91 --> 1
142 175 104 --> 3
195 140 3 --> 3
309 54 309 --> 20
140 78 102 --> 4
3 142 119 --> 3
168 340 265 --> 2
265 3 175 --> 7
197 78 78 --> 2
6 91 3 --> 2
91 91 5 --> 1
6 91 6 --> 1
6 91 4 --> 1
6 91 5 --> 5
78 78 168 --> 11
4 4 13 --> 3
54 309 54 --> 78
37 4 4 --> 1
240 125 5 --> 1
125 125 125 --> 37
146 175 142 --> 6
265 43 3 --> 55
168 168 146 --> 58
265 146 168 --> 28
146 3 3 --> 13
265 240 78 --> 81
43 265 195 --> 1
195 340 3 --> 5
78 192 78 --> 17
3 120 78 --> 1
43 168 43 --> 9
142 3 192 --> 1
102 5 78 --> 1
240 192 102 --> 1
33 195 33 --> 3
119 146 3 --> 1
175 142 142 --> 20
175 142 146 --> 8
146 196 196 --> 1
5 5 140 --> 1
5 5 141 --> 1
102 309 240 --> 2
3 195 195 --> 5
3 5 3 --> 17
6 195 195 --> 3
142 3 175 --> 21
3 5 6 --> 8
3 5 5 --> 33
3 5 4 --> 1
195 102 195 --> 2
3 220 196 --> 1
195 5 78 --> 4
120 240 192 --> 2
142 104 104 --> 5
195 240 125 --> 1
5 33 6 --> 2
5 33 5 --> 2
192 3 175 --> 1
78 199 6 --> 1
168 78 78 --> 8
78 120 78 --> 3
3 54 3 --> 2
3 54 4 --> 1
3 54 5 --> 1
3 78 140 --> 31
3 6 174 --> 5
3 146 78 --> 1
3 265 265 --> 362
196 195 140 --> 1
3 195 265 --> 1
197 6 5 --> 1
197 6 6 --> 1
146 168 78 --> 2
119 146 142 --> 3
119 146 146 --> 1
265 175 119 --> 2
102 192 91 --> 1
192 125 240 --> 2
43 3 265 --> 48
168 168 78 --> 9
196 5 4 --> 1
43 195 3 --> 2
3 192 91 --> 1
43 195 168 --> 1
168 102 102 --> 1
146 146 78 --> 1
54 54 3 --> 17
265 219 219 --> 1
3 146 168 --> 17
54 54 6 --> 1
45 45 5 --> 4
91 142 104 --> 1
140 140 140 --> 2
311 5 192 --> 1
3 104 175 --> 8
146 146 265 --> 4
6 5 6 --> 5
6 5 5 --> 12
265 3 19 --> 1
6 5 3 --> 9
258 311 240 --> 5
240 102 240 --> 1
125 4 4 --> 1
175 175 146 --> 3
240 40 125 --> 1
175 175 142 --> 9
195 6 78 --> 1
119 265 54 --> 1
6 195 125 --> 1
195 125 3 --> 1
146 142 175 --> 6
142 119 146 --> 3
142 119 142 --> 7
33 91 4 --> 1
125 192 78 --> 3
168 6 146 --> 1
195 3 43 --> 1
140 78 4 --> 1
140 3 78 --> 53
140 78 3 --> 32
175 104 104 --> 2
265 43 43 --> 19
192 240 102 --> 1
141 37 4 --> 1
78 195 192 --> 2
78 195 196 --> 10
104 119 146 --> 1
78 195 195 --> 27
196 3 220 --> 1
78 78 45 --> 2
146 104 119 --> 1
102 197 240 --> 1
265 10 240 --> 1
240 45 240 --> 1
3 3 168 --> 292
3 175 142 --> 20
3 175 146 --> 2
4 19 146 --> 1
78 174 78 --> 3
197 195 196 --> 1
197 195 195 --> 4
104 142 265 --> 11
13 13 78 --> 7
195 43 265 --> 1
4 102 102 --> 4
174 11 45 --> 5
309 309 3 --> 2
168 168 5 --> 1
168 168 4 --> 2
168 168 6 --> 1
43 265 43 --> 14
168 168 3 --> 440
91 6 3 --> 1
91 6 6 --> 1
91 6 5 --> 2
196 33 33 --> 4
5 78 140 --> 1
265 3 168 --> 441
265 102 168 --> 20
102 78 3 --> 2
265 265 142 --> 25
265 265 146 --> 26
265 3 340 --> 1
240 78 240 --> 426
146 175 175 --> 3
4 265 146 --> 1
78 240 265 --> 70
175 265 3 --> 5
91 140 78 --> 1
78 5 78 --> 13
4 240 13 --> 1
3 196 197 --> 1
91 258 311 --> 5
175 142 175 --> 6
102 240 102 --> 8
168 140 168 --> 1
340 3 3 --> 2
309 54 54 --> 70
196 125 6 --> 1
54 3 309 --> 4
265 195 265 --> 3
265 43 195 --> 2
201 5 5 --> 2
192 3 146 --> 1
201 5 6 --> 1
219 219 219 --> 45
240 140 78 --> 7
195 39 140 --> 1
3 6 78 --> 4
168 265 43 --> 72
3 6 3 --> 4
3 6 5 --> 13
3 6 104 --> 1
168 102 265 --> 10
168 265 4 --> 1
168 265 3 --> 455
91 5 197 --> 5
240 40 78 --> 1
175 104 3 --> 7
6 195 3 --> 2
119 146 265 --> 1
192 91 5 --> 2
192 91 3 --> 1
78 4 4 --> 3
78 192 195 --> 1
197 6 125 --> 1
78 192 192 --> 2
146 265 3 --> 12
196 196 33 --> 1
5 5 192 --> 7
5 5 195 --> 5
192 125 78 --> 5
5 5 197 --> 10
78 78 240 --> 225
78 78 242 --> 2
6 104 3 --> 1
3 192 175 --> 1
192 6 192 --> 5
3 196 78 --> 2
192 6 196 --> 1
6 6 162 --> 1
85 78 78 --> 2
195 125 125 --> 1
175 3 142 --> 7
201 192 192 --> 1
6 125 5 --> 1
4 240 219 --> 1
240 240 174 --> 5
196 4 4 --> 1
195 168 146 --> 1
19 146 3 --> 1
192 240 78 --> 3
119 142 142 --> 4
4 3 168 --> 1
142 265 3 --> 38
240 240 78 --> 502
146 168 3 --> 21
146 168 4 --> 1
78 4 195 --> 1
13 141 33 --> 1
168 5 168 --> 1
146 78 78 --> 2
142 54 265 --> 1
197 3 78 --> 3
120 78 78 --> 6
197 5 91 --> 1
78 78 85 --> 1
146 104 104 --> 2
195 168 43 --> 1
125 141 37 --> 1
78 3 122 --> 1
142 142 146 --> 11
3 175 175 --> 8
142 142 142 --> 70
102 33 78 --> 1
78 125 140 --> 2
78 125 141 --> 1
4 78 13 --> 8
5 3 6 --> 10
45 78 78 --> 2
54 265 54 --> 1
102 195 102 --> 7
78 78 3 --> 338
78 78 5 --> 32
91 78 102 --> 1
240 265 240 --> 238
78 78 6 --> 13
199 91 140 --> 1
168 265 195 --> 3
3 146 3 --> 21
102 122 102 --> 1
141 6 5 --> 1
104 265 175 --> 2
140 125 140 --> 1
104 3 104 --> 8
142 104 265 --> 9
6 5 78 --> 6
3 142 175 --> 10
33 102 102 --> 2
5 266 125 --> 1
5 192 197 --> 2
114 114 162 --> 113
5 192 195 --> 1
6 197 6 --> 1
6 91 197 --> 2
265 265 265 --> 806
78 78 102 --> 36
265 146 104 --> 2
104 3 3 --> 35
43 43 265 --> 15
54 309 3 --> 12
6 197 3 --> 3
78 168 146 --> 2
78 3 240 --> 2
168 168 340 --> 3
174 57 175 --> 5
146 175 3 --> 5
240 192 120 --> 1
5 6 6 --> 6
5 6 5 --> 18
5 6 3 --> 8
265 192 175 --> 1
5 6 242 --> 1
78 196 39 --> 1
78 196 33 --> 2
192 174 3 --> 1
195 192 78 --> 2
195 195 3 --> 2
195 195 5 --> 6
195 195 6 --> 2
140 240 175 --> 1
3 340 3 --> 1
78 91 78 --> 2
3 43 195 --> 1
243 125 125 --> 5
141 6 33 --> 1
265 340 43 --> 1
40 40 175 --> 1
197 125 125 --> 1
39 125 4 --> 1
78 6 102 --> 1
5 6 78 --> 3
125 3 3 --> 1
265 195 43 --> 1
125 3 6 --> 1
78 54 3 --> 1
196 240 78 --> 1
309 240 265 --> 1
102 102 140 --> 2
192 192 5 --> 2
192 192 6 --> 39
242 140 78 --> 1
6 196 192 --> 1
5 195 195 --> 2
3 102 33 --> 1
162 114 162 --> 392
3 146 146 --> 1
3 146 142 --> 9
265 168 195 --> 3
78 5 5 --> 8
78 5 3 --> 5
142 265 265 --> 33
33 192 33 --> 5
5 197 221 --> 2
175 3 175 --> 3
3 125 4 --> 1
3 125 5 --> 2
3 125 3 --> 1
78 146 168 --> 3
168 168 195 --> 3
175 125 78 --> 1
196 196 125 --> 1
4 4 242 --> 1
78 158 78 --> 1
195 3 140 --> 1
220 195 78 --> 1
196 3 195 --> 1
125 91 117 --> 1
43 265 3 --> 31
3 197 5 --> 1
3 140 125 --> 1
192 240 120 --> 1
3 197 6 --> 1
10 196 78 --> 1
3 197 3 --> 6
192 240 125 --> 1
192 195 192 --> 1
192 195 195 --> 1
309 102 309 --> 1
78 33 33 --> 5
311 5 220 --> 1
78 78 91 --> 3
220 196 78 --> 2
78 195 220 --> 1
5 5 125 --> 1
6 197 91 --> 1
104 175 142 --> 6
168 43 3 --> 35
104 142 104 --> 9
125 195 195 --> 1
125 240 120 --> 2
6 54 54 --> 3
125 240 125 --> 2
3 3 142 --> 56
43 3 195 --> 1
3 3 146 --> 25
104 146 3 --> 3
125 78 140 --> 3
33 3 5 --> 1
33 3 3 --> 3
13 33 3 --> 1
3 4 168 --> 1
265 142 265 --> 28
102 78 195 --> 1
40 78 78 --> 1
168 3 265 --> 361
3 340 168 --> 3
54 265 146 --> 1
122 78 78 --> 3
265 54 54 --> 1
142 175 119 --> 4
104 104 104 --> 2
265 3 104 --> 12
240 125 240 --> 4
265 102 102 --> 3
4 265 168 --> 1
146 175 119 --> 1
265 240 45 --> 1
146 3 265 --> 16
265 43 265 --> 56
192 78 78 --> 20
3 43 43 --> 7
6 3 125 --> 3
3 5 91 --> 10
240 192 240 --> 1
6 3 122 --> 1
146 104 265 --> 12
102 102 3 --> 4
43 3 3 --> 34
13 78 13 --> 6
5 4 78 --> 3
142 3 142 --> 58
120 240 140 --> 2
102 3 78 --> 2
142 3 146 --> 10
195 102 5 --> 1
311 240 240 --> 5
78 196 195 --> 3
78 196 197 --> 2
78 196 196 --> 16
168 3 3 --> 289
168 3 4 --> 1
102 54 102 --> 1
117 142 3 --> 1
45 240 240 --> 1
33 141 33 --> 1
3 240 3 --> 1
309 102 33 --> 1
140 3 195 --> 1
78 140 240 --> 4
3 5 168 --> 1
175 142 119 --> 2
141 3 3 --> 1
141 3 5 --> 2
45 140 78 --> 1
125 5 78 --> 1
43 168 340 --> 1
240 265 78 --> 68
125 91 5 --> 1
78 3 3 --> 38
220 196 195 --> 1
78 3 5 --> 7
78 3 6 --> 2
6 242 78 --> 1
54 3 102 --> 1
146 265 104 --> 2
54 54 54 --> 229
220 6 5 --> 1
78 78 265 --> 55
85 196 78 --> 1
140 140 192 --> 1
102 3 3 --> 1
3 104 104 --> 7
78 3 33 --> 1
5 162 91 --> 1
91 78 3 --> 1
3 3 33 --> 3
91 78 5 --> 1
125 120 125 --> 1
37 195 78 --> 1
5 91 78 --> 3
146 142 142 --> 29
146 142 146 --> 6
13 4 78 --> 7
174 175 191 --> 5
240 13 4 --> 1
197 91 3 --> 2
168 168 168 --> 1419
10 192 192 --> 1
195 3 78 --> 12
168 168 162 --> 1
168 240 78 --> 1
13 78 4 --> 2
192 243 125 --> 5
192 125 102 --> 1
141 33 3 --> 1
5 197 125 --> 2
196 85 196 --> 1
146 3 78 --> 1
197 5 3 --> 4
78 240 78 --> 184
197 5 5 --> 4
175 175 265 --> 3
5 125 13 --> 1
4 6 5 --> 1
265 78 78 --> 40
3 122 78 --> 1
142 119 265 --> 1
175 119 265 --> 3
33 196 33 --> 1
33 5 3 --> 36
6 78 6 --> 1
3 54 309 --> 6
33 102 33 --> 1
91 265 3 --> 1
4 240 4 --> 2
6 78 78 --> 12
168 195 195 --> 1
3 197 91 --> 1
162 162 114 --> 384
195 4 78 --> 1
3 3 192 --> 2
3 3 195 --> 6
240 45 78 --> 1
119 265 265 --> 5
265 309 265 --> 3
6 6 5 --> 4
6 6 3 --> 2
192 6 33 --> 36
78 45 140 --> 1
13 4 240 --> 1
163 91 142 --> 1
146 163 119 --> 1
142 175 146 --> 6
142 175 142 --> 23
162 5 197 --> 1
192 5 192 --> 3
119 175 265 --> 1
78 192 6 --> 2
104 175 265 --> 2
3 175 119 --> 1
265 265 119 --> 3
195 192 120 --> 1
78 33 196 --> 2
78 33 195 --> 2
78 78 125 --> 48
78 78 120 --> 9
146 175 104 --> 1
175 3 146 --> 1
78 10 240 --> 1
78 168 168 --> 9
78 3 265 --> 1
199 6 3 --> 1
195 195 33 --> 1
122 78 102 --> 1
141 33 33 --> 1
265 102 265 --> 19
265 3 265 --> 424
125 3 192 --> 1
240 120 240 --> 4
240 78 168 --> 1
3 265 119 --> 5
91 117 78 --> 1
174 192 78 --> 1
265 265 240 --> 41
78 265 265 --> 19
54 54 240 --> 5
3 78 102 --> 6
102 102 33 --> 3
91 3 6 --> 3
91 3 5 --> 10
33 196 195 --> 4
91 3 3 --> 2
197 240 102 --> 1
43 195 265 --> 1
91 37 195 --> 1
168 4 3 --> 1
5 199 91 --> 1
309 240 240 --> 1
119 146 104 --> 1
240 175 78 --> 1
175 142 104 --> 5
192 120 120 --> 2
196 78 78 --> 48
174 174 175 --> 5
174 174 174 --> 129
168 43 43 --> 15
119 142 3 --> 5
4 140 3 --> 1
54 3 175 --> 1
265 78 265 --> 44
195 196 33 --> 2
54 3 54 --> 17
140 125 4 --> 1
140 125 5 --> 1
195 168 265 --> 3
197 125 33 --> 1
5 3 120 --> 1
5 3 125 --> 1
3 3 43 --> 22
78 13 4 --> 1
78 13 5 --> 1
195 195 140 --> 2
265 240 54 --> 1
120 120 125 --> 1
3 192 3 --> 4
3 192 5 --> 1
4 240 240 --> 2
140 78 192 --> 1
125 5 5 --> 2
125 5 3 --> 4
91 197 91 --> 2
168 78 168 --> 6
5 91 197 --> 3
5 91 196 --> 1
5 91 192 --> 3
140 174 78 --> 1
91 192 6 --> 1
91 192 5 --> 4
142 142 54 --> 1
102 197 102 --> 1
125 91 266 --> 1
91 5 91 --> 4
3 195 6 --> 1
3 195 5 --> 2
3 195 3 --> 13
168 146 3 --> 22
78 78 78 --> 3873
78 195 240 --> 2
192 125 3 --> 1
195 78 240 --> 1
91 4 78 --> 1
78 4 78 --> 2
265 175 3 --> 3
162 168 168 --> 1
175 265 104 --> 3
78 265 78 --> 84
5 168 3 --> 1
175 119 119 --> 1
40 125 3 --> 1
78 140 195 --> 1
125 78 3 --> 6
192 192 78 --> 7
125 78 5 --> 1
195 195 78 --> 31
340 168 265 --> 5
3 168 340 --> 1
168 195 340 --> 4
265 4 19 --> 1
125 78 125 --> 2
265 119 142 --> 5
195 78 140 --> 4
265 119 146 --> 2
4 5 3 --> 1
4 4 102 --> 2
3 104 265 --> 16
240 4 78 --> 1
33 5 242 --> 1
195 196 196 --> 3
195 196 197 --> 1
195 196 195 --> 7
142 175 175 --> 5
54 265 168 --> 1
140 240 78 --> 3
104 265 142 --> 14
265 78 196 --> 1
104 265 146 --> 1
142 142 265 --> 54
196 85 78 --> 2
3 142 142 --> 44
175 146 265 --> 1
3 142 146 --> 13
265 265 104 --> 14
265 265 102 --> 25
195 102 78 --> 1
3 175 104 --> 8
142 146 175 --> 5
265 142 54 --> 1
5 195 39 --> 1
91 5 141 --> 1
5 192 162 --> 1
168 195 168 --> 2
5 45 78 --> 1
140 140 3 --> 2
3 168 168 --> 483
240 78 192 --> 2
3 4 78 --> 1
195 78 78 --> 79
5 102 102 --> 1
91 3 54 --> 1
33 6 125 --> 1
3 265 104 --> 2
140 78 125 --> 3
78 240 3 --> 1
78 240 4 --> 1
78 240 196 --> 1
78 240 195 --> 1
3 91 5 --> 7
78 240 192 --> 1
197 3 197 --> 1
3 91 6 --> 1
119 142 175 --> 3
265 102 309 --> 1
140 140 78 --> 19
265 146 3 --> 18
192 78 240 --> 2
102 102 265 --> 5
192 78 242 --> 1
175 142 3 --> 19
195 33 3 --> 1
192 33 5 --> 5
102 102 195 --> 7
102 102 197 --> 2
102 265 309 --> 3
240 240 5 --> 1
240 240 4 --> 4
102 102 192 --> 1
11 45 33 --> 5
3 33 195 --> 1
3 146 265 --> 11
240 120 78 --> 2
78 3 125 --> 3
5 197 78 --> 1
196 196 78 --> 13
146 175 265 --> 2
10 195 39 --> 1
78 6 265 --> 1
54 3 168 --> 2
102 265 168 --> 14
168 5 3 --> 1
340 265 265 --> 3
5 33 192 --> 1
168 4 265 --> 2
91 142 265 --> 1
195 3 265 --> 5
197 140 140 --> 1
3 3 54 --> 1
175 142 265 --> 11
140 78 240 --> 2
125 192 6 --> 1
5 91 3 --> 14
195 3 195 --> 7
192 78 192 --> 4
5 91 6 --> 3
5 91 5 --> 16
192 78 195 --> 1
3 309 309 --> 1
13 4 13 --> 15
340 3 168 --> 4
3 119 175 --> 2
78 4 240 --> 2
5 196 192 --> 1
6 195 196 --> 1
196 197 195 --> 2
240 240 192 --> 1
78 5 140 --> 1
6 3 78 --> 1
192 240 174 --> 1
5 242 91 --> 1
78 3 10 --> 1
85 78 33 --> 1
3 91 13 --> 1
197 3 5 --> 5
197 3 4 --> 1
197 3 6 --> 2
197 3 3 --> 5
142 175 3 --> 11
3 3 265 --> 266
78 168 3 --> 4
13 240 4 --> 3
104 175 119 --> 1
3 340 43 --> 2
195 195 195 --> 40
195 195 196 --> 9
195 195 192 --> 2
265 240 265 --> 54
102 168 265 --> 20
43 340 265 --> 1
91 78 140 --> 1
140 195 78 --> 1
102 63 78 --> 1
91 78 78 --> 3
102 3 195 --> 1
6 174 174 --> 5
4 4 5 --> 2
4 4 4 --> 9
4 4 6 --> 1
4 4 3 --> 1
266 125 192 --> 1
3 122 5 --> 1
5 220 196 --> 1
5 220 197 --> 1
4 242 175 --> 1
197 102 102 --> 1
78 195 39 --> 1
6 5 91 --> 7
163 146 163 --> 53
195 6 3 --> 1
195 6 6 --> 1
6 5 192 --> 2
197 192 91 --> 1
6 5 197 --> 1
6 5 195 --> 1
78 102 6 --> 1
3 5 192 --> 3
3 5 197 --> 5
3 5 195 --> 3
3 174 5 --> 1
195 265 168 --> 4
174 78 140 --> 2
33 6 78 --> 1
142 3 119 --> 1
3 5 220 --> 1
195 340 43 --> 1
3 175 265 --> 9
3 197 192 --> 37
240 78 140 --> 2
192 3 3 --> 6
192 3 5 --> 4
192 3 6 --> 2
195 33 196 --> 1
195 33 195 --> 3
78 265 240 --> 99
192 5 91 --> 5
4 4 78 --> 2
175 146 104 --> 1
5 6 197 --> 1
5 6 195 --> 1
78 39 195 --> 2
54 54 265 --> 3
3 142 54 --> 1
240 120 192 --> 1
78 78 4 --> 3
102 102 54 --> 2
3 102 240 --> 1
104 3 265 --> 13
192 192 243 --> 5
125 192 125 --> 4
201 3 78 --> 1
104 146 142 --> 4
78 196 78 --> 48
102 4 102 --> 2
104 146 146 --> 1
102 5 197 --> 1
91 3 125 --> 1
78 197 78 --> 1
192 120 102 --> 1
125 5 45 --> 1
196 196 85 --> 1
174 174 11 --> 5
120 102 78 --> 1
140 5 6 --> 1
78 140 125 --> 4
240 192 6 --> 1
19 4 265 --> 1
33 33 78 --> 4
146 142 119 --> 2
78 240 45 --> 1
3 195 140 --> 3
192 175 265 --> 1
120 125 192 --> 1
240 265 40 --> 1
195 39 78 --> 1
78 140 78 --> 250
120 125 196 --> 1
125 125 91 --> 6
192 78 125 --> 3
3 33 141 --> 1
43 43 43 --> 8
78 240 40 --> 1
91 197 6 --> 1
91 197 5 --> 1
91 197 3 --> 2
6 6 197 --> 2
