168 3 265 168 3 168 265 --> 1
168 168 168 168 168 168 265 --> 1
4 168 168 168 3 265 168 --> 1
7 119 174 174 175 174 174 --> 1
19 3 19 19 19 19 19 --> 1
175 146 265 142 104 175 3 --> 1
168 168 168 265 3 265 43 --> 1
168 3 265 168 3 168 168 --> 1
3 19 19 19 195 195 6 --> 1
142 142 104 265 54 146 3 --> 1
265 168 265 265 168 168 265 --> 1
265 146 3 265 168 265 168 --> 1
168 3 168 168 168 168 265 --> 1
265 3 168 3 3 168 265 --> 1
146 3 265 168 265 265 168 --> 1
168 3 168 168 168 4 265 --> 1
91 192 168 168 265 265 168 --> 1
102 102 102 102 78 168 168 --> 1
168 265 168 168 168 168 265 --> 1
174 174 174 174 174 174 174 --> 3
168 265 168 102 265 3 102 --> 1
168 3 265 3 340 265 3 --> 1
195 5 6 5 197 3 6 --> 1
265 175 146 142 3 3 3 --> 1
142 104 265 3 3 104 265 --> 1
168 168 265 168 168 265 265 --> 1
142 175 104 265 3 3 142 --> 1
265 168 168 168 146 3 3 --> 1
240 240 174 174 175 191 122 --> 1
174 174 174 174 6 91 6 --> 1
168 265 168 168 168 168 168 --> 1
265 43 168 168 168 168 265 --> 1
265 168 168 168 168 168 265 --> 1
168 265 265 265 265 168 168 --> 1
168 3 265 168 168 3 168 --> 1
168 168 265 265 3 265 3 --> 1
168 265 43 3 265 43 3 --> 1
168 265 168 265 168 102 168 --> 1
265 168 265 168 168 265 265 --> 1
265 168 168 168 3 168 168 --> 1
265 78 3 168 3 265 265 --> 1
19 19 19 19 19 195 195 --> 1
265 43 168 43 168 265 265 --> 1
119 142 142 142 265 142 146 --> 1
265 265 168 168 3 265 265 --> 1
175 191 122 268 45 45 5 --> 2
3 3 3 3 3 3 3 --> 1
168 78 3 168 168 3 168 --> 1
265 265 265 265 168 168 168 --> 1
3 5 91 91 197 5 5 --> 1
19 3 19 195 195 195 174 --> 1
192 142 265 175 142 3 104 --> 1
