3 3 5 --> 9
3 3 4 --> 5
3 3 7 --> 1
3 3 6 --> 6
3 3 3 --> 778
268 45 45 --> 6
104 142 146 --> 10
195 78 265 --> 1
104 142 142 --> 8
3 265 43 --> 52
265 102 91 --> 1
142 142 91 --> 1
168 195 78 --> 2
221 3 19 --> 1
78 192 5 --> 1
168 78 146 --> 1
265 142 119 --> 13
197 192 3 --> 9
197 192 4 --> 1
197 192 6 --> 9
195 175 54 --> 1
3 125 125 --> 1
78 3 192 --> 1
195 78 125 --> 1
265 5 102 --> 2
175 3 265 --> 7
119 174 174 --> 1
91 3 265 --> 2
174 174 174 --> 196
91 168 265 --> 2
142 3 3 --> 44
192 4 174 --> 1
104 104 142 --> 9
146 104 192 --> 1
43 265 168 --> 48
265 146 265 --> 27
175 3 3 --> 8
3 168 146 --> 13
265 265 43 --> 52
142 3 104 --> 18
265 120 265 --> 1
168 265 168 --> 975
3 265 146 --> 22
142 104 146 --> 3
142 104 142 --> 16
192 168 78 --> 1
6 192 3 --> 3
6 192 6 --> 1
43 168 168 --> 31
5 6 146 --> 1
78 78 195 --> 5
43 265 340 --> 2
78 78 192 --> 1
5 78 78 --> 2
175 54 175 --> 7
104 146 175 --> 1
265 197 265 --> 1
104 104 3 --> 7
5 197 91 --> 1
146 265 146 --> 16
146 265 142 --> 21
265 340 265 --> 4
43 168 3 --> 31
265 175 91 --> 1
119 3 192 --> 1
195 91 5 --> 2
168 7 3 --> 1
195 3 240 --> 1
3 3 78 --> 10
146 45 45 --> 1
192 192 192 --> 22
45 3 6 --> 1
220 196 220 --> 1
45 3 3 --> 1
146 142 104 --> 10
175 54 4 --> 1
192 91 146 --> 1
197 192 192 --> 53
265 119 3 --> 3
146 146 104 --> 4
162 3 3 --> 1
197 3 91 --> 3
192 168 168 --> 2
195 168 265 --> 3
168 43 168 --> 39
265 168 146 --> 13
125 91 258 --> 7
265 168 4 --> 1
265 168 3 --> 446
3 91 175 --> 2
3 13 168 --> 1
265 78 33 --> 1
142 265 142 --> 83
104 142 175 --> 6
142 265 146 --> 21
5 3 197 --> 50
5 3 196 --> 1
5 3 195 --> 4
78 125 78 --> 1
265 142 104 --> 11
168 7 168 --> 1
119 104 142 --> 2
340 43 3 --> 1
120 7 6 --> 1
33 3 33 --> 3
265 104 104 --> 5
265 104 175 --> 5
19 195 195 --> 3
175 104 175 --> 2
292 265 3 --> 1
168 43 340 --> 1
142 91 3 --> 2
265 104 265 --> 9
195 3 6 --> 3
3 142 119 --> 6
142 146 142 --> 59
142 146 146 --> 16
3 192 91 --> 1
265 219 219 --> 1
265 3 195 --> 1
265 3 192 --> 1
33 78 78 --> 1
192 142 265 --> 1
197 85 85 --> 1
195 168 3 --> 2
142 142 3 --> 70
175 91 142 --> 1
292 168 168 --> 2
168 3 292 --> 1
119 142 146 --> 3
119 142 142 --> 12
120 175 6 --> 1
6 195 91 --> 1
142 3 265 --> 49
102 102 78 --> 1
13 5 5 --> 1
6 91 192 --> 1
104 104 146 --> 3
265 43 340 --> 1
5 265 102 --> 1
5 6 91 --> 3
175 175 3 --> 3
175 175 4 --> 1
104 175 3 --> 4
196 192 196 --> 1
91 3 146 --> 1
146 265 175 --> 8
5 192 3 --> 1
146 142 265 --> 22
5 141 5 --> 1
43 3 195 --> 2
3 195 175 --> 1
195 197 78 --> 1
3 175 54 --> 1
175 6 3 --> 8
3 141 5 --> 1
168 78 13 --> 2
175 175 307 --> 1
5 102 5 --> 1
168 265 292 --> 1
3 6 195 --> 3
3 6 197 --> 1
146 146 175 --> 2
78 5 195 --> 1
78 5 192 --> 2
45 3 19 --> 2
104 175 175 --> 4
265 175 175 --> 11
175 3 104 --> 2
168 5 265 --> 1
91 192 5 --> 1
168 102 168 --> 28
3 91 142 --> 1
3 91 146 --> 1
91 195 5 --> 1
175 265 146 --> 5
220 91 195 --> 1
175 265 142 --> 15
104 265 3 --> 14
91 5 33 --> 1
142 3 91 --> 2
78 265 33 --> 1
195 192 6 --> 1
240 3 3 --> 1
195 192 5 --> 1
78 5 265 --> 1
146 265 168 --> 10
175 175 120 --> 3
3 119 142 --> 6
3 119 146 --> 1
265 119 104 --> 2
6 78 195 --> 1
265 5 168 --> 2
195 45 45 --> 1
78 78 33 --> 2
3 3 119 --> 1
168 192 91 --> 2
3 195 6 --> 2
104 265 104 --> 2
78 132 4 --> 1
192 195 3 --> 1
54 265 3 --> 1
19 45 45 --> 1
3 142 104 --> 8
168 102 5 --> 2
168 146 3 --> 18
91 168 192 --> 1
195 6 197 --> 1
195 6 195 --> 4
5 162 3 --> 1
175 119 146 --> 3
175 119 142 --> 9
140 102 265 --> 1
104 192 3 --> 1
168 3 192 --> 1
78 78 78 --> 123
168 3 195 --> 1
78 6 78 --> 1
78 168 240 --> 1
91 192 168 --> 1
168 340 168 --> 7
4 174 174 --> 1
197 91 197 --> 2
91 168 78 --> 1
3 4 33 --> 2
168 146 168 --> 37
265 265 340 --> 4
3 265 142 --> 32
3 195 340 --> 2
33 195 45 --> 1
6 45 3 --> 1
197 168 91 --> 1
5 5 33 --> 1
168 265 102 --> 29
119 175 146 --> 1
119 175 142 --> 4
3 220 91 --> 1
5 195 195 --> 9
3 43 3 --> 29
292 265 168 --> 1
142 175 265 --> 14
91 146 192 --> 1
91 91 3 --> 2
195 5 195 --> 4
3 33 33 --> 1
78 5 13 --> 1
5 33 42 --> 1
91 3 91 --> 1
292 265 292 --> 3
3 43 168 --> 33
195 5 3 --> 4
142 104 3 --> 11
104 265 54 --> 1
43 168 146 --> 1
3 43 340 --> 2
119 3 175 --> 3
192 91 168 --> 2
195 191 5 --> 1
146 146 168 --> 7
5 3 78 --> 2
57 175 54 --> 7
7 54 54 --> 1
142 119 3 --> 8
3 140 5 --> 1
265 168 168 --> 909
45 192 192 --> 1
45 192 197 --> 1
19 19 3 --> 216
119 175 3 --> 1
195 220 5 --> 1
146 168 168 --> 44
265 265 3 --> 415
265 78 146 --> 2
265 168 340 --> 6
265 78 12 --> 1
168 78 265 --> 5
119 119 142 --> 1
175 45 175 --> 1
3 195 91 --> 2
265 3 43 --> 27
265 142 3 --> 32
265 265 78 --> 12
265 168 292 --> 3
175 146 3 --> 4
168 78 195 --> 1
13 195 195 --> 1
146 104 3 --> 6
168 168 102 --> 31
175 13 195 --> 1
91 6 102 --> 1
3 119 265 --> 1
3 142 265 --> 27
5 3 102 --> 1
119 265 3 --> 1
78 5 3 --> 3
192 6 54 --> 4
120 175 195 --> 1
3 78 78 --> 12
3 3 220 --> 1
168 5 102 --> 1
3 33 4 --> 6
3 33 3 --> 9
146 192 78 --> 1
146 104 142 --> 10
5 78 265 --> 1
43 43 168 --> 20
5 91 168 --> 1
3 91 195 --> 1
340 43 43 --> 2
33 13 5 --> 1
3 91 197 --> 1
78 195 78 --> 8
91 5 6 --> 4
265 91 91 --> 1
78 3 146 --> 1
3 192 78 --> 1
104 265 265 --> 5
265 340 3 --> 4
146 119 175 --> 1
265 195 146 --> 1
265 265 195 --> 3
5 5 221 --> 1
5 195 45 --> 2
168 3 340 --> 1
78 125 125 --> 3
6 3 195 --> 4
6 3 197 --> 2
45 45 45 --> 1
104 104 265 --> 1
3 265 175 --> 12
146 3 104 --> 6
78 146 168 --> 2
240 195 78 --> 1
119 175 175 --> 2
175 146 146 --> 4
175 146 142 --> 15
192 3 265 --> 1
4 33 33 --> 2
195 197 195 --> 1
175 120 7 --> 1
6 33 5 --> 49
168 3 168 --> 544
175 54 142 --> 1
104 146 104 --> 2
125 125 125 --> 52
78 265 192 --> 1
43 3 43 --> 17
78 265 195 --> 1
78 265 196 --> 1
13 168 78 --> 1
174 174 57 --> 7
265 195 168 --> 5
168 265 340 --> 7
91 265 78 --> 2
43 265 265 --> 41
3 265 195 --> 2
265 54 146 --> 1
3 168 43 --> 29
78 196 125 --> 1
91 142 142 --> 1
43 168 265 --> 61
91 142 146 --> 1
168 78 3 --> 4
168 78 6 --> 1
265 146 78 --> 1
174 174 197 --> 1
78 6 168 --> 2
102 265 3 --> 1
192 125 192 --> 1
102 265 5 --> 4
45 33 192 --> 7
195 3 125 --> 1
78 33 265 --> 1
197 6 192 --> 2
196 195 5 --> 1
6 197 5 --> 2
168 168 265 --> 908
91 197 195 --> 1
6 197 3 --> 1
142 146 3 --> 18
340 168 43 --> 2
6 6 91 --> 1
340 43 168 --> 1
142 265 119 --> 4
195 340 168 --> 3
175 3 119 --> 1
191 122 268 --> 6
265 104 3 --> 10
175 175 104 --> 3
265 5 6 --> 1
91 104 265 --> 1
3 19 19 --> 220
146 78 265 --> 1
142 119 104 --> 1
146 146 3 --> 13
265 104 146 --> 7
265 104 142 --> 6
175 104 142 --> 2
175 104 146 --> 1
168 3 78 --> 8
78 78 13 --> 3
4 33 3 --> 2
4 33 4 --> 2
43 43 195 --> 1
142 146 119 --> 2
175 175 119 --> 2
168 43 265 --> 39
197 197 197 --> 2
6 168 265 --> 2
3 5 141 --> 1
78 168 265 --> 6
142 142 119 --> 8
3 5 19 --> 1
175 174 174 --> 9
168 146 146 --> 8
146 3 175 --> 7
3 265 168 --> 405
175 5 175 --> 1
192 197 5 --> 1
91 175 175 --> 3
175 146 175 --> 7
6 102 102 --> 2
175 119 3 --> 1
197 6 91 --> 1
340 168 3 --> 6
265 78 5 --> 2
265 78 3 --> 7
78 5 33 --> 1
119 142 265 --> 8
45 45 19 --> 2
119 146 175 --> 5
104 3 146 --> 9
78 265 168 --> 6
292 168 265 --> 1
3 168 168 --> 438
102 5 168 --> 1
43 3 168 --> 37
3 265 340 --> 3
3 6 91 --> 16
122 268 45 --> 6
3 78 192 --> 2
4 3 33 --> 1
3 78 196 --> 1
192 3 104 --> 1
265 102 5 --> 1
104 146 265 --> 7
265 3 3 --> 284
265 3 4 --> 1
146 240 195 --> 1
6 197 192 --> 2
54 175 6 --> 7
54 175 7 --> 1
146 146 146 --> 9
146 192 142 --> 1
146 146 142 --> 13
104 142 104 --> 4
265 175 142 --> 26
265 175 146 --> 9
78 168 91 --> 1
192 6 5 --> 1
192 6 6 --> 1
195 195 220 --> 1
168 168 43 --> 39
195 3 5 --> 3
195 3 3 --> 5
146 168 146 --> 7
265 168 78 --> 6
265 168 102 --> 18
265 78 168 --> 6
120 265 265 --> 1
142 265 104 --> 13
19 19 45 --> 3
5 195 5 --> 4
5 195 6 --> 2
5 195 3 --> 3
265 142 146 --> 24
265 142 142 --> 66
175 175 175 --> 62
168 340 43 --> 2
5 168 168 --> 2
142 119 175 --> 4
54 174 174 --> 4
175 265 265 --> 4
3 142 3 --> 44
168 240 13 --> 1
132 4 3 --> 1
265 292 292 --> 2
78 168 78 --> 2
195 5 5 --> 10
265 146 146 --> 8
195 5 6 --> 7
192 6 91 --> 1
19 45 19 --> 1
195 120 195 --> 1
3 146 168 --> 12
168 195 265 --> 1
3 91 191 --> 1
91 5 3 --> 3
91 5 5 --> 5
192 196 3 --> 1
146 104 146 --> 3
146 78 3 --> 1
78 3 168 --> 6
142 146 104 --> 12
192 91 91 --> 1
119 265 175 --> 2
265 265 175 --> 10
197 3 195 --> 3
7 3 168 --> 1
5 3 91 --> 6
142 142 104 --> 12
6 168 102 --> 1
33 33 265 --> 1
197 3 197 --> 1
265 192 192 --> 1
195 146 78 --> 1
119 142 175 --> 4
175 104 265 --> 2
102 140 102 --> 1
265 43 168 --> 48
146 3 168 --> 10
340 168 168 --> 7
91 175 142 --> 1
240 174 174 --> 7
104 3 142 --> 13
3 292 168 --> 1
174 174 5 --> 1
195 120 175 --> 1
174 174 6 --> 1
265 3 13 --> 1
175 119 175 --> 2
6 5 6 --> 7
78 78 146 --> 3
265 146 142 --> 27
265 195 340 --> 1
54 175 13 --> 1
168 3 140 --> 1
340 3 43 --> 1
168 3 146 --> 8
340 340 3 --> 1
102 102 102 --> 13
5 5 168 --> 1
13 5 197 --> 1
102 265 265 --> 14
119 104 3 --> 2
3 192 104 --> 1
54 54 175 --> 2
54 54 174 --> 4
6 3 5 --> 7
6 3 6 --> 13
3 78 168 --> 4
4 3 3 --> 9
91 191 195 --> 1
5 197 195 --> 2
5 197 192 --> 18
3 43 265 --> 22
265 168 43 --> 45
340 3 265 --> 3
292 3 168 --> 2
3 168 195 --> 6
43 43 3 --> 17
146 168 265 --> 15
292 265 265 --> 2
119 3 142 --> 4
3 146 104 --> 11
175 191 122 --> 7
119 265 142 --> 5
119 265 146 --> 3
265 195 3 --> 2
192 91 265 --> 1
340 265 168 --> 4
265 195 5 --> 1
192 5 6 --> 2
168 3 43 --> 25
5 5 5 --> 17
5 5 6 --> 9
19 3 19 --> 202
195 195 120 --> 1
265 142 175 --> 14
195 175 175 --> 1
146 265 265 --> 19
265 168 265 --> 879
3 102 5 --> 1
146 146 192 --> 1
6 195 6 --> 3
146 265 43 --> 1
168 3 13 --> 1
6 195 3 --> 4
102 168 102 --> 9
197 5 195 --> 1
3 78 3 --> 6
3 78 6 --> 1
146 104 175 --> 2
5 3 3 --> 7
120 195 3 --> 1
45 5 197 --> 4
5 3 5 --> 13
3 3 104 --> 16
340 265 3 --> 4
6 192 192 --> 7
6 3 3 --> 3
265 265 168 --> 842
142 142 175 --> 41
195 196 5 --> 1
195 141 3 --> 1
142 192 3 --> 2
191 5 195 --> 1
122 146 168 --> 1
195 265 265 --> 2
265 265 120 --> 1
3 104 3 --> 24
33 5 197 --> 7
6 3 168 --> 1
142 175 119 --> 11
104 146 54 --> 1
120 175 175 --> 2
5 5 78 --> 1
192 168 91 --> 1
104 3 175 --> 4
265 3 142 --> 31
3 5 162 --> 1
3 3 91 --> 6
3 5 168 --> 1
3 4 3 --> 4
5 5 91 --> 5
220 6 197 --> 1
265 146 175 --> 6
91 3 197 --> 1
91 3 195 --> 2
146 142 3 --> 19
5 168 78 --> 1
174 6 91 --> 1
102 5 102 --> 2
43 340 168 --> 3
3 168 78 --> 5
265 240 120 --> 1
43 340 43 --> 1
45 19 3 --> 3
5 91 91 --> 3
5 78 6 --> 1
102 265 102 --> 8
146 54 3 --> 1
196 6 5 --> 1
168 265 265 --> 810
91 85 174 --> 1
78 6 5 --> 1
78 6 4 --> 1
195 3 175 --> 1
78 192 265 --> 1
54 142 142 --> 1
192 174 197 --> 1
265 168 122 --> 1
78 3 91 --> 1
3 146 175 --> 4
91 142 175 --> 1
119 3 265 --> 1
3 168 6 --> 1
3 168 3 --> 334
78 3 78 --> 3
3 104 142 --> 11
33 4 33 --> 1
3 104 146 --> 6
265 265 33 --> 1
195 168 168 --> 4
7 265 168 --> 1
19 19 19 --> 178
265 119 265 --> 2
195 5 220 --> 1
78 195 168 --> 1
5 33 13 --> 1
5 197 6 --> 1
5 197 5 --> 3
5 197 3 --> 5
3 3 175 --> 19
104 265 119 --> 1
175 195 175 --> 1
102 5 91 --> 1
192 265 78 --> 1
340 43 265 --> 1
104 142 3 --> 13
195 78 195 --> 1
240 265 265 --> 1
7 119 174 --> 1
5 91 6 --> 1
146 3 146 --> 12
146 3 142 --> 25
168 340 3 --> 2
78 125 3 --> 1
91 3 168 --> 1
195 197 3 --> 3
142 175 104 --> 2
195 197 5 --> 1
220 195 195 --> 1
168 340 265 --> 5
265 3 175 --> 12
197 78 78 --> 2
6 91 3 --> 5
6 91 6 --> 3
6 91 5 --> 12
78 78 168 --> 6
265 292 3 --> 1
195 3 91 --> 2
125 78 78 --> 2
146 175 142 --> 8
265 43 3 --> 51
146 175 146 --> 4
265 146 168 --> 23
146 3 3 --> 23
3 120 78 --> 1
91 91 91 --> 3
102 265 91 --> 1
168 240 265 --> 1
175 104 91 --> 1
119 146 3 --> 5
175 142 142 --> 47
175 142 146 --> 14
85 195 195 --> 1
102 102 168 --> 4
3 195 195 --> 9
3 195 192 --> 3
3 5 3 --> 13
142 3 175 --> 20
3 5 6 --> 7
3 5 5 --> 10
195 5 78 --> 1
102 3 42 --> 1
192 3 175 --> 2
5 33 3 --> 1
168 265 78 --> 5
168 78 78 --> 5
91 91 197 --> 1
91 91 192 --> 1
3 6 174 --> 7
168 292 168 --> 2
3 78 146 --> 2
3 265 265 --> 480
265 196 192 --> 1
197 6 3 --> 2
3 195 265 --> 3
197 6 5 --> 2
197 6 6 --> 2
5 5 3 --> 10
6 146 168 --> 1
119 146 142 --> 4
119 146 146 --> 1
265 175 119 --> 4
43 3 265 --> 56
168 168 78 --> 7
19 3 3 --> 309
168 102 102 --> 5
146 146 78 --> 2
54 54 3 --> 1
265 340 168 --> 5
45 45 5 --> 6
45 45 4 --> 1
5 3 168 --> 2
3 104 175 --> 5
146 146 265 --> 12
5 221 3 --> 1
6 5 5 --> 10
6 5 3 --> 6
258 311 240 --> 7
19 45 3 --> 1
175 175 146 --> 10
3 13 78 --> 1
175 175 142 --> 32
119 265 54 --> 1
78 146 146 --> 2
146 142 175 --> 14
142 119 146 --> 9
142 119 142 --> 11
78 146 3 --> 1
195 3 43 --> 2
3 175 3 --> 18
146 192 192 --> 1
175 104 104 --> 2
265 43 43 --> 26
78 33 13 --> 1
102 168 168 --> 31
78 195 197 --> 1
78 195 195 --> 2
265 292 265 --> 2
195 192 195 --> 2
3 19 195 --> 1
78 168 7 --> 1
3 3 168 --> 268
3 175 142 --> 21
3 175 146 --> 4
33 13 78 --> 1
197 195 197 --> 1
104 142 265 --> 14
174 11 45 --> 7
168 168 5 --> 4
168 168 4 --> 3
168 168 7 --> 1
43 265 43 --> 12
168 168 3 --> 440
91 6 3 --> 2
91 6 5 --> 3
142 146 265 --> 18
102 3 168 --> 1
265 3 168 --> 380
265 102 168 --> 29
5 168 265 --> 2
4 168 265 --> 1
192 142 142 --> 1
45 175 195 --> 1
265 265 142 --> 29
196 125 78 --> 1
265 265 146 --> 28
265 3 340 --> 3
168 122 146 --> 1
3 42 265 --> 1
265 265 219 --> 1
146 175 175 --> 6
33 33 4 --> 2
33 33 3 --> 1
265 146 119 --> 1
175 265 3 --> 7
78 5 78 --> 2
174 5 221 --> 1
5 175 120 --> 1
33 78 265 --> 1
91 258 311 --> 7
175 142 175 --> 14
13 78 78 --> 5
340 3 3 --> 1
197 195 6 --> 1
197 195 5 --> 2
174 197 192 --> 1
265 195 265 --> 1
174 197 197 --> 1
265 43 195 --> 1
146 3 192 --> 1
3 6 78 --> 2
168 265 43 --> 64
3 6 102 --> 1
3 6 3 --> 3
3 6 5 --> 5
3 6 6 --> 5
168 102 265 --> 24
91 5 192 --> 1
168 265 3 --> 413
91 5 197 --> 8
54 3 104 --> 1
78 91 146 --> 1
6 195 5 --> 4
33 42 7 --> 1
175 104 3 --> 2
5 195 141 --> 1
125 192 174 --> 1
3 265 78 --> 8
265 195 78 --> 1
119 146 265 --> 3
192 91 5 --> 1
192 91 3 --> 2
265 175 104 --> 2
146 265 3 --> 19
265 54 265 --> 1
5 5 195 --> 9
5 5 197 --> 5
219 168 146 --> 1
191 195 5 --> 1
168 168 292 --> 3
192 6 192 --> 7
192 6 195 --> 1
221 220 196 --> 1
54 4 195 --> 1
197 265 265 --> 1
175 3 146 --> 6
195 195 174 --> 1
175 3 142 --> 9
3 3 19 --> 308
240 240 174 --> 7
3 196 6 --> 1
168 4 168 --> 2
142 104 175 --> 7
4 3 168 --> 2
142 265 3 --> 24
146 168 3 --> 17
146 3 54 --> 1
146 78 78 --> 2
142 54 265 --> 1
119 265 119 --> 2
19 19 195 --> 2
265 197 168 --> 1
120 78 78 --> 1
146 104 104 --> 4
78 3 120 --> 1
140 195 195 --> 1
85 174 5 --> 1
104 142 119 --> 1
142 142 146 --> 46
3 175 175 --> 20
142 142 142 --> 112
6 168 146 --> 2
5 3 6 --> 10
102 91 6 --> 1
175 120 175 --> 3
78 78 3 --> 8
78 78 5 --> 9
78 78 6 --> 1
265 4 168 --> 3
192 192 91 --> 3
168 265 197 --> 1
168 265 195 --> 6
3 146 3 --> 12
91 125 78 --> 1
102 168 5 --> 1
104 265 175 --> 5
104 3 104 --> 6
142 104 265 --> 14
168 146 265 --> 8
3 142 175 --> 12
5 102 140 --> 1
91 197 192 --> 1
43 168 43 --> 16
5 192 192 --> 2
6 197 6 --> 3
4 168 3 --> 2
265 265 265 --> 843
4 4 33 --> 3
102 195 78 --> 1
265 146 104 --> 5
104 3 3 --> 19
43 43 265 --> 15
78 168 146 --> 1
146 142 142 --> 52
174 57 175 --> 7
146 175 3 --> 5
5 6 6 --> 6
195 192 91 --> 1
5 6 5 --> 9
5 6 3 --> 7
42 265 168 --> 1
195 195 3 --> 8
195 195 5 --> 9
195 195 6 --> 6
175 4 195 --> 1
142 104 119 --> 1
192 3 142 --> 1
243 125 125 --> 7
85 85 195 --> 1
265 340 43 --> 2
78 265 240 --> 1
3 7 175 --> 1
125 3 3 --> 1
91 91 265 --> 2
192 192 3 --> 1
192 192 6 --> 53
5 195 191 --> 1
5 195 192 --> 1
6 196 195 --> 1
5 195 197 --> 1
3 102 195 --> 1
3 192 142 --> 1
3 146 146 --> 12
3 146 142 --> 20
265 175 265 --> 5
125 91 85 --> 1
265 168 195 --> 4
78 5 5 --> 1
3 104 119 --> 1
265 168 192 --> 1
142 265 265 --> 27
33 192 33 --> 7
175 3 175 --> 12
3 125 5 --> 1
192 168 265 --> 1
168 168 192 --> 2
168 168 195 --> 1
91 6 197 --> 1
168 6 168 --> 1
192 102 265 --> 1
196 3 6 --> 1
43 265 3 --> 29
3 197 5 --> 1
3 197 6 --> 4
3 197 3 --> 1
192 195 195 --> 1
78 33 33 --> 1
3 54 265 --> 1
78 78 91 --> 1
292 292 265 --> 2
102 197 265 --> 1
3 91 125 --> 1
6 197 91 --> 1
197 91 265 --> 1
104 175 142 --> 11
168 43 3 --> 35
104 175 146 --> 2
195 265 3 --> 2
6 54 54 --> 4
3 3 142 --> 31
196 5 33 --> 1
5 192 5 --> 1
3 3 146 --> 16
104 146 3 --> 7
307 175 175 --> 1
3 4 265 --> 1
33 3 4 --> 1
33 3 3 --> 9
265 142 265 --> 37
5 221 220 --> 1
175 175 45 --> 1
168 3 265 --> 412
3 340 168 --> 2
91 146 265 --> 1
54 265 146 --> 1
54 265 142 --> 1
104 104 104 --> 3
3 5 197 --> 3
265 3 104 --> 12
265 3 102 --> 2
265 102 102 --> 6
265 33 120 --> 1
78 78 132 --> 1
265 168 240 --> 1
146 175 119 --> 2
146 3 265 --> 21
265 43 265 --> 55
3 168 102 --> 2
192 78 78 --> 2
3 43 43 --> 8
141 5 5 --> 1
142 142 192 --> 1
6 3 125 --> 1
3 5 91 --> 3
265 192 102 --> 1
146 104 265 --> 11
102 102 3 --> 1
43 3 3 --> 21
142 3 142 --> 51
142 3 146 --> 18
195 102 3 --> 1
311 240 240 --> 7
168 3 3 --> 282
168 3 6 --> 2
168 3 5 --> 2
119 142 119 --> 1
265 3 146 --> 15
142 104 104 --> 5
3 265 292 --> 1
174 175 174 --> 1
3 240 3 --> 1
265 192 91 --> 1
219 219 168 --> 1
175 142 119 --> 4
141 3 3 --> 1
4 195 120 --> 1
43 168 340 --> 1
195 340 265 --> 2
168 91 3 --> 1
125 91 6 --> 1
78 3 3 --> 10
6 91 197 --> 1
146 265 104 --> 6
54 54 54 --> 9
78 78 265 --> 14
142 91 175 --> 1
3 104 104 --> 5
3 3 33 --> 12
146 142 91 --> 2
3 146 192 --> 1
168 292 3 --> 1
175 195 3 --> 1
7 168 3 --> 1
13 3 78 --> 1
168 168 340 --> 5
146 142 146 --> 14
174 175 191 --> 7
240 13 3 --> 1
168 168 168 --> 1278
119 104 104 --> 1
195 3 78 --> 1
13 78 3 --> 1
265 33 265 --> 1
192 243 125 --> 7
292 292 292 --> 1
146 3 78 --> 1
78 5 168 --> 1
197 5 3 --> 3
197 5 6 --> 4
197 5 5 --> 1
175 175 265 --> 11
5 19 19 --> 1
265 78 78 --> 10
192 3 3 --> 8
142 119 265 --> 6
175 119 265 --> 7
175 265 119 --> 3
3 45 3 --> 2
33 5 3 --> 49
197 265 5 --> 1
91 265 4 --> 1
91 265 3 --> 1
6 78 78 --> 1
168 195 195 --> 1
6 168 168 --> 1
6 78 5 --> 1
3 3 192 --> 4
3 3 195 --> 8
3 3 197 --> 1
119 265 265 --> 3
91 146 3 --> 1
6 6 5 --> 5
45 19 19 --> 1
6 6 6 --> 3
6 6 3 --> 5
192 6 33 --> 49
195 91 192 --> 1
195 91 195 --> 1
175 175 54 --> 2
7 175 175 --> 1
142 175 146 --> 12
142 175 142 --> 38
168 146 240 --> 1
104 104 175 --> 2
192 5 195 --> 1
175 119 119 --> 1
3 175 119 --> 3
265 265 119 --> 3
3 19 3 --> 292
195 192 125 --> 1
78 78 125 --> 2
146 175 104 --> 2
78 168 168 --> 6
78 3 265 --> 4
6 91 91 --> 1
102 5 33 --> 1
265 102 265 --> 26
195 140 195 --> 1
3 265 119 --> 2
168 195 3 --> 2
19 3 168 --> 1
119 142 104 --> 1
78 265 265 --> 10
175 142 91 --> 2
91 3 6 --> 1
91 3 5 --> 4
91 3 3 --> 7
5 265 146 --> 1
43 195 265 --> 2
168 4 3 --> 1
192 5 5 --> 2
4 265 33 --> 1
91 146 146 --> 1
265 340 340 --> 1
175 142 104 --> 11
91 3 104 --> 1
42 7 265 --> 1
174 174 175 --> 8
45 4 240 --> 1
168 43 43 --> 17
197 197 85 --> 1
119 142 3 --> 5
54 3 175 --> 1
3 168 265 --> 426
265 78 265 --> 6
192 192 168 --> 2
142 91 146 --> 1
142 91 142 --> 1
3 3 43 --> 22
78 13 5 --> 1
195 195 140 --> 1
3 3 45 --> 2
3 192 3 --> 4
3 192 5 --> 1
220 5 3 --> 1
7 6 168 --> 1
340 265 43 --> 2
125 5 3 --> 1
146 78 168 --> 1
168 78 168 --> 5
5 91 195 --> 1
120 78 195 --> 1
168 91 168 --> 1
195 43 3 --> 1
91 195 195 --> 3
91 192 3 --> 1
125 125 78 --> 3
142 142 54 --> 1
91 5 91 --> 3
3 265 4 --> 2
3 195 5 --> 4
3 195 3 --> 3
3 265 3 --> 296
33 4 3 --> 5
33 4 4 --> 4
142 265 175 --> 17
3 91 104 --> 1
265 175 3 --> 3
175 265 104 --> 4
78 265 78 --> 10
5 168 3 --> 1
3 195 43 --> 1
125 78 6 --> 1
125 78 5 --> 1
195 195 78 --> 1
340 168 265 --> 5
3 168 340 --> 4
168 195 340 --> 2
125 78 125 --> 2
195 195 91 --> 1
265 119 142 --> 4
265 119 146 --> 3
120 7 54 --> 1
3 104 265 --> 10
265 3 78 --> 6
142 175 175 --> 17
104 265 142 --> 11
104 265 146 --> 9
142 142 265 --> 56
3 142 142 --> 48
175 146 265 --> 8
3 142 146 --> 20
265 265 104 --> 2
265 265 102 --> 24
3 175 104 --> 3
175 119 104 --> 2
142 146 175 --> 6
175 7 119 --> 1
43 265 146 --> 1
168 195 168 --> 3
33 120 7 --> 1
104 119 175 --> 1
195 78 78 --> 11
5 102 102 --> 3
3 265 102 --> 1
3 265 104 --> 14
195 175 5 --> 1
3 91 3 --> 3
3 91 5 --> 7
168 265 146 --> 18
3 91 6 --> 2
175 146 119 --> 1
265 146 3 --> 27
102 102 265 --> 8
175 142 3 --> 25
104 91 175 --> 1
5 6 168 --> 2
192 33 5 --> 7
102 102 195 --> 1
102 102 197 --> 1
3 78 265 --> 4
265 19 3 --> 1
11 45 33 --> 7
168 192 168 --> 1
3 146 265 --> 14
240 120 78 --> 1
5 197 78 --> 1
195 45 192 --> 1
168 292 265 --> 3
146 175 265 --> 4
102 265 168 --> 30
168 5 5 --> 2
168 5 3 --> 1
340 265 265 --> 3
192 125 91 --> 1
168 4 265 --> 1
5 33 195 --> 1
146 119 142 --> 3
146 119 146 --> 2
3 192 192 --> 1
175 142 265 --> 24
78 146 45 --> 1
192 197 91 --> 1
5 91 3 --> 5
195 3 195 --> 5
195 3 192 --> 1
5 91 5 --> 3
196 220 6 --> 1
78 12 168 --> 1
340 3 168 --> 2
168 168 146 --> 34
6 195 192 --> 1
6 195 195 --> 3
3 3 141 --> 1
265 3 265 --> 454
197 3 5 --> 1
197 3 6 --> 2
197 3 3 --> 1
142 175 3 --> 12
78 146 265 --> 2
3 3 265 --> 309
78 168 3 --> 6
240 265 192 --> 1
175 265 175 --> 7
5 33 78 --> 1
104 175 119 --> 2
175 307 175 --> 1
195 195 195 --> 440
195 195 197 --> 3
195 195 196 --> 1
195 195 192 --> 1
78 13 78 --> 4
102 168 265 --> 20
265 119 175 --> 1
195 45 19 --> 1
102 78 168 --> 1
6 174 174 --> 7
4 4 4 --> 2
4 4 3 --> 1
5 220 195 --> 1
91 146 78 --> 1
6 5 91 --> 1
195 6 3 --> 3
195 6 5 --> 5
6 5 192 --> 1
6 5 197 --> 3
6 5 195 --> 4
104 119 265 --> 1
102 3 265 --> 2
3 5 195 --> 3
195 265 168 --> 3
54 146 3 --> 1
119 175 119 --> 1
13 78 168 --> 1
4 168 168 --> 3
3 340 265 --> 2
142 3 119 --> 6
3 175 265 --> 11
3 197 192 --> 50
192 3 197 --> 1
4 195 175 --> 1
192 3 5 --> 3
192 3 6 --> 5
119 3 3 --> 3
102 195 102 --> 1
265 33 78 --> 1
168 102 3 --> 2
5 13 78 --> 1
5 6 192 --> 2
175 146 104 --> 3
5 6 197 --> 4
5 6 195 --> 7
175 54 54 --> 2
168 192 197 --> 1
104 3 265 --> 11
192 192 243 --> 7
104 146 142 --> 1
104 146 146 --> 4
12 168 265 --> 1
78 192 168 --> 1
33 265 265 --> 3
174 174 11 --> 7
265 78 195 --> 3
192 104 265 --> 1
140 5 3 --> 1
6 4 168 --> 1
102 265 192 --> 1
102 265 197 --> 1
168 265 19 --> 1
78 265 3 --> 2
141 5 91 --> 1
4 240 265 --> 1
146 142 119 --> 6
174 5 3 --> 1
168 91 146 --> 1
146 146 119 --> 2
125 125 91 --> 8
6 6 195 --> 1
43 43 43 --> 12
91 197 6 --> 1
91 197 5 --> 1
91 197 3 --> 1
6 6 197 --> 1
6 6 196 --> 1
