78 240 4 240 240 4 219 --> 5
240 4 240 240 78 78 219 --> 1
175 7 120 7 175 7 175 --> 1
168 146 168 3 6 6 6 --> 1
265 256 265 265 256 265 265 --> 1
63 6 221 6 221 63 120 --> 1
7 142 6 7 7 7 7 --> 1
10 10 10 10 118 6 10 --> 1
195 195 195 195 195 5 4 --> 1
3 4 197 54 192 4 270 --> 1
5 6 195 195 5 220 174 --> 1
78 78 78 140 3 219 219 --> 1
6 3 195 195 195 5 195 --> 1
180 125 180 125 78 78 219 --> 1
3 168 146 168 168 168 6 --> 1
175 120 175 195 120 175 175 --> 1
5 221 120 114 114 120 114 --> 1
240 196 4 240 240 240 219 --> 1
265 168 102 102 102 265 102 --> 1
91 4 4 197 192 174 4 --> 2
168 3 168 102 168 102 265 --> 1
265 168 265 102 6 265 168 --> 1
5 5 5 5 5 141 6 --> 1
240 240 196 240 240 78 219 --> 2
4 6 265 265 12 120 4 --> 1
195 5 192 3 197 174 4 --> 1
5 3 3 6 3 3 4 --> 1
221 140 4 140 93 208 195 --> 1
3 4 4 3 4 4 6 --> 1
195 195 195 195 5 5 5 --> 1
120 175 42 7 7 7 175 --> 1
195 120 175 175 175 175 175 --> 1
195 195 195 195 195 331 120 --> 1
3 3 220 114 6 102 91 --> 1
221 221 221 221 221 168 3 --> 1
5 197 94 6 6 6 6 --> 2
197 192 192 6 3 3 5 --> 1
33 195 33 195 197 192 4 --> 1
192 6 33 5 3 197 192 --> 1
102 265 168 102 102 4 6 --> 1
125 180 125 180 192 78 219 --> 1
243 125 125 125 125 125 202 --> 1
265 265 221 3 265 240 219 --> 1
196 196 201 38 6 6 6 --> 1
240 240 240 240 6 78 219 --> 1
6 45 133 133 6 6 6 --> 1
120 6 6 120 6 6 114 --> 1
5 195 5 195 5 221 141 --> 1
6 5 192 175 120 175 175 --> 1
240 78 240 78 78 219 91 --> 3
197 192 3 140 3 6 91 --> 1
45 54 197 192 3 3 3 --> 1
197 220 5 5 6 6 5 --> 1
5 197 197 220 220 4 6 --> 1
146 45 221 3 4 175 174 --> 1
10 10 10 118 6 6 91 --> 2
78 265 240 240 240 240 196 --> 1
5 5 5 6 168 146 45 --> 1
192 3 3 3 3 3 3 --> 1
180 180 180 180 180 78 78 --> 3
13 240 240 240 78 78 219 --> 1
175 120 175 42 175 7 7 --> 1
102 13 5 118 6 33 38 --> 1
5 4 3 5 4 5 45 --> 1
7 119 5 120 7 175 175 --> 1
6 3 3 3 3 3 3 --> 1
7 175 175 175 175 175 175 --> 1
180 180 180 180 180 180 180 --> 3
6 63 6 60 60 60 3 --> 1
175 42 175 120 175 174 6 --> 1
197 192 5 197 192 102 265 --> 1
4 221 240 240 78 78 219 --> 1
3 140 140 6 3 6 4 --> 1
120 6 3 3 6 114 195 --> 1
33 120 175 7 42 120 175 --> 1
168 102 102 102 265 102 102 --> 1
3 4 6 91 6 10 175 --> 2
102 174 174 174 174 102 102 --> 1
4 3 6 91 4 6 91 --> 1
120 7 175 119 175 175 175 --> 1
221 6 195 196 10 196 10 --> 1
6 195 195 91 91 192 45 --> 1
3 3 140 140 6 91 4 --> 1
252 252 252 252 1 1 252 --> 1
265 4 4 197 192 4 270 --> 1
33 33 33 3 33 168 3 --> 1
91 91 91 91 144 91 6 --> 1
195 195 195 195 197 192 4 --> 1
195 195 195 195 5 174 4 --> 1
3 6 78 78 78 78 78 --> 1
197 3 6 6 6 6 6 --> 1
5 120 114 120 114 120 114 --> 1
10 6 4 4 4 4 4 --> 1
220 5 5 5 197 220 6 --> 1
78 78 265 240 78 240 219 --> 3
10 118 6 6 91 10 221 --> 1
4 4 4 4 3 4 3 --> 1
3 3 4 6 10 4 91 --> 1
168 6 168 3 45 4 270 --> 1
4 4 4 4 3 4 4 --> 2
240 240 240 240 4 219 240 --> 1
114 195 195 195 195 120 114 --> 1
3 3 4 3 3 120 6 --> 1
6 5 3 6 195 5 3 --> 1
146 6 6 6 10 6 4 --> 1
180 180 180 180 78 78 219 --> 6
240 78 265 240 240 78 219 --> 2
140 3 3 140 140 140 78 --> 1
6 197 125 5 5 5 4 --> 1
4 168 102 4 6 6 168 --> 1
195 120 175 6 175 175 175 --> 1
5 168 146 3 4 175 174 --> 1
91 142 42 120 78 4 4 --> 1
4 4 4 4 4 4 168 --> 1
120 265 102 102 120 7 4 --> 1
202 200 33 5 197 192 4 --> 3
195 195 120 114 120 114 195 --> 1
3 192 6 91 195 5 5 --> 1
4 168 240 240 6 6 168 --> 1
195 5 195 195 3 5 195 --> 1
268 4 268 268 6 91 6 --> 2
240 196 78 265 240 240 219 --> 2
140 3 140 140 3 13 4 --> 1
175 175 175 7 175 175 3 --> 1
78 78 4 4 4 4 6 --> 4
195 195 5 6 6 195 4 --> 1
5 5 5 5 5 5 5 --> 2
5 5 5 5 5 5 4 --> 1
6 91 4 33 5 3 4 --> 1
221 221 221 221 175 174 175 --> 1
240 240 240 240 6 240 219 --> 1
120 120 6 3 12 120 114 --> 1
265 4 4 240 240 240 240 --> 1
6 6 6 5 5 5 120 --> 1
168 102 102 265 265 168 168 --> 1
174 174 174 174 174 174 120 --> 1
37 175 54 175 57 174 37 --> 2
4 120 7 6 3 6 54 --> 1
195 195 195 13 175 174 175 --> 1
6 6 4 4 331 4 4 --> 1
63 6 63 6 3 63 6 --> 1
4 6 197 192 4 6 6 --> 1
197 13 3 3 143 4 45 --> 1
195 195 195 195 195 91 4 --> 1
240 240 240 240 78 240 219 --> 2
180 180 78 240 240 78 219 --> 1
202 199 200 33 7 175 175 --> 1
240 78 265 240 78 240 219 --> 5
174 174 174 3 3 6 114 --> 2
3 3 3 3 7 120 6 --> 1
309 3 240 309 3 240 219 --> 1
6 91 10 10 4 4 6 --> 1
174 175 174 197 192 4 91 --> 1
3 140 3 3 197 192 4 --> 1
195 3 195 195 5 197 4 --> 1
6 197 192 4 6 91 6 --> 2
265 168 33 168 102 168 6 --> 1
175 120 175 6 6 42 175 --> 1
265 168 265 168 265 168 265 --> 1
240 240 240 240 240 78 219 --> 5
7 78 168 4 78 37 37 --> 1
195 195 195 195 195 195 195 --> 1
6 142 3 6 7 195 10 --> 1
102 102 168 168 102 6 168 --> 1
240 78 265 240 6 240 219 --> 1
168 3 4 4 3 3 168 --> 1
192 4 4 4 4 4 4 --> 1
4 265 265 4 240 240 4 --> 1
195 195 195 195 120 114 3 --> 3
192 3 45 45 4 91 91 --> 1
240 240 240 240 240 240 240 --> 2
4 4 4 3 4 3 4 --> 1
3 3 3 3 3 4 3 --> 1
196 78 265 240 240 78 219 --> 2
221 168 240 3 240 240 240 --> 1
4 4 4 195 3 120 114 --> 1
142 3 7 195 120 3 6 --> 1
175 120 175 175 195 120 175 --> 1
168 146 168 168 168 146 3 --> 1
240 240 240 240 78 78 219 --> 2
118 195 38 38 6 6 6 --> 2
195 195 195 195 5 197 4 --> 1
4 10 10 4 6 91 4 --> 4
3 4 6 6 54 3 3 --> 1
168 42 221 168 168 221 102 --> 1
168 3 4 102 168 168 162 --> 1
3 78 140 3 78 78 240 --> 1
5 4 15 19 3 3 10 --> 1
6 4 4 4 4 3 6 --> 1
3 3 6 4 6 91 6 --> 1
3 3 3 6 5 3 195 --> 1
168 3 3 265 3 3 265 --> 1
19 10 5 3 15 221 12 --> 1
195 85 195 220 45 6 120 --> 1
265 102 265 168 265 102 265 --> 1
192 4 4 10 5 4 4 --> 1
6 5 54 140 197 221 3 --> 1
42 120 120 114 120 120 114 --> 1
33 33 45 6 3 168 122 --> 1
4 91 4 3 3 4 4 --> 1
3 3 3 3 3 4 91 --> 1
7 142 142 7 142 142 7 --> 1
38 6 6 174 174 174 7 --> 1
175 175 175 175 175 120 175 --> 1
175 175 175 175 175 175 175 --> 2
4 4 45 4 6 91 91 --> 3
175 175 175 175 175 175 91 --> 1
102 168 3 168 102 168 102 --> 1
197 192 3 6 91 4 45 --> 1
3 3 3 168 146 168 3 --> 1
54 54 6 91 122 4 4 --> 5
3 3 3 3 3 3 4 --> 2
192 125 125 168 146 168 4 --> 1
6 142 7 142 142 3 3 --> 1
3 3 3 3 3 3 3 --> 4
192 140 91 6 300 298 6 --> 1
5 197 220 220 5 220 220 --> 1
180 180 180 180 180 78 219 --> 3
180 180 78 180 180 180 78 --> 1
192 6 125 195 5 6 91 --> 1
120 175 175 7 175 175 175 --> 1
5 221 6 221 3 3 6 --> 1
175 175 174 199 120 175 175 --> 1
125 125 125 125 125 125 91 --> 1
102 102 265 168 102 102 4 --> 3
120 114 120 195 63 12 114 --> 1
6 5 197 192 4 6 91 --> 1
195 331 120 6 221 197 192 --> 1
195 195 5 197 5 197 6 --> 1
197 3 3 180 180 6 91 --> 1
265 240 240 240 240 265 240 --> 1
195 195 195 195 195 192 4 --> 1
221 168 102 168 102 4 168 --> 1
114 114 197 140 140 6 91 --> 1
5 197 192 3 140 3 140 --> 1
197 192 192 3 180 180 6 --> 1
13 78 240 78 240 78 219 --> 1
6 195 195 195 195 192 4 --> 1
7 7 175 195 199 120 7 --> 1
10 10 91 4 6 91 4 --> 5
78 5 4 4 4 6 6 --> 1
195 33 120 7 195 33 120 --> 1
3 6 33 195 5 3 33 --> 1
91 6 4 4 4 4 6 --> 1
3 175 175 175 175 175 175 --> 1
91 6 195 195 195 195 195 --> 1
168 168 168 168 168 168 168 --> 1
140 140 140 140 6 91 4 --> 1
3 3 3 63 3 63 63 --> 1
168 102 102 168 168 168 168 --> 1
102 102 3 168 3 102 168 --> 1
3 4 3 3 3 3 3 --> 1
174 174 174 174 174 120 114 --> 3
220 6 220 6 5 4 6 --> 1
5 6 6 195 195 195 4 --> 1
201 199 21 41 221 6 4 --> 1
140 3 192 192 5 197 197 --> 1
5 5 33 195 197 192 4 --> 2
265 240 240 240 78 240 219 --> 1
4 4 3 4 6 91 6 --> 2
195 6 5 6 5 197 4 --> 1
78 3 3 3 3 192 42 --> 1
221 221 78 240 240 78 219 --> 1
175 120 175 175 175 175 174 --> 1
6 6 6 6 6 6 6 --> 1
120 6 3 3 6 114 4 --> 1
265 168 102 102 3 265 168 --> 1
6 196 300 301 6 6 6 --> 1
4 6 91 38 6 10 175 --> 1
197 192 140 91 6 102 102 --> 1
196 4 4 4 4 6 6 --> 1
5 3 6 6 195 195 4 --> 1
120 175 174 3 7 7 175 --> 1
4 78 4 4 6 91 91 --> 2
301 300 295 301 301 301 6 --> 1
192 3 5 125 3 6 5 --> 1
42 120 6 3 6 114 3 --> 1
195 195 175 120 175 175 175 --> 1
175 120 175 7 175 5 4 --> 1
4 240 240 240 240 4 219 --> 2
6 195 195 195 195 5 220 --> 1
174 4 221 221 174 174 142 --> 3
4 4 118 195 38 38 6 --> 2
120 63 120 114 5 120 120 --> 1
3 4 3 4 3 3 3 --> 1
3 5 3 5 5 5 197 --> 1
102 168 102 3 168 10 6 --> 1
240 4 168 168 168 221 4 --> 1
4 3 4 4 4 4 4 --> 2
221 63 6 4 63 6 4 --> 1
5 195 192 102 142 78 6 --> 1
221 63 6 4 63 6 3 --> 1
78 265 240 78 240 219 91 --> 7
192 3 3 6 91 5 197 --> 1
4 6 91 140 3 6 91 --> 7
180 78 180 180 78 78 219 --> 2
265 240 240 6 78 78 219 --> 1
118 6 15 38 4 6 38 --> 1
175 4 33 120 175 175 3 --> 1
240 240 265 240 240 78 219 --> 1
240 240 78 240 78 240 219 --> 1
240 196 78 240 240 78 219 --> 1
6 220 220 220 197 6 5 --> 1
168 3 240 240 6 168 168 --> 1
3 4 3 4 3 175 174 --> 1
240 174 174 175 191 122 4 --> 1
102 102 265 168 102 102 102 --> 4
4 3 4 3 4 3 4 --> 1
175 120 7 175 199 45 120 --> 1
7 7 175 120 175 7 175 --> 1
3 3 3 175 54 140 3 --> 1
192 91 91 192 91 197 192 --> 1
196 240 240 240 196 78 265 --> 1
6 33 5 3 197 192 125 --> 1
265 240 6 240 78 219 91 --> 1
4 4 3 3 4 3 4 --> 1
6 168 146 168 45 175 174 --> 1
3 3 6 33 33 45 122 --> 1
6 197 13 102 6 13 102 --> 1
5 197 192 118 4 6 91 --> 1
6 220 6 5 220 220 6 --> 2
174 174 174 7 174 174 174 --> 4
3 195 6 91 195 5 197 --> 1
118 10 10 118 6 6 10 --> 1
265 240 78 240 78 219 91 --> 1
4 4 4 3 3 3 4 --> 1
54 197 3 45 45 4 4 --> 8
202 201 202 102 331 158 158 --> 1
102 168 102 4 6 6 168 --> 1
5 141 141 6 195 196 40 --> 1
3 3 6 91 197 192 4 --> 1
195 195 195 195 195 11 45 --> 1
3 6 91 45 45 4 45 --> 1
5 220 197 6 300 5 220 --> 1
195 195 195 195 3 197 4 --> 1
168 221 168 102 4 6 6 --> 1
240 240 78 242 240 240 240 --> 1
301 301 295 301 301 6 6 --> 1
45 45 4 91 91 91 174 --> 5
120 6 7 3 6 6 91 --> 1
3 168 146 168 168 45 45 --> 1
3 45 5 3 3 3 3 --> 1
3 6 91 197 192 174 4 --> 6
4 142 7 142 142 6 7 --> 1
6 5 102 102 102 102 6 --> 1
33 5 5 5 5 5 5 --> 1
168 146 102 4 3 3 6 --> 1
192 5 5 192 5 175 162 --> 1
91 45 45 202 201 195 10 --> 1
78 4 265 240 240 78 219 --> 1
168 146 168 146 168 146 168 --> 1
195 5 197 5 197 3 4 --> 1
6 33 175 174 175 162 45 --> 1
39 5 197 6 6 6 6 --> 1
195 195 195 195 83 120 7 --> 1
6 33 5 3 197 192 192 --> 1
33 192 125 125 45 45 192 --> 1
102 102 168 3 102 168 168 --> 1
4 142 3 3 4 142 3 --> 1
195 195 146 146 168 265 120 --> 1
120 175 175 175 175 174 175 --> 1
265 3 265 168 265 3 265 --> 1
5 6 3 3 180 6 91 --> 1
168 168 168 168 102 6 168 --> 2
63 6 4 6 120 120 114 --> 1
45 180 180 180 78 78 219 --> 1
168 102 3 265 168 265 102 --> 1
240 5 78 265 240 240 219 --> 1
240 240 240 240 240 4 219 --> 1
168 168 4 168 4 168 168 --> 1
4 78 265 240 240 78 219 --> 1
197 3 3 6 91 6 195 --> 1
240 240 240 240 78 219 91 --> 2
168 168 42 168 168 168 168 --> 1
7 175 175 42 120 175 175 --> 1
5 195 6 195 197 174 4 --> 1
240 240 78 265 240 219 240 --> 1
221 197 192 140 120 6 10 --> 1
195 195 195 195 195 7 174 --> 2
3 4 3 3 4 91 3 --> 1
6 4 4 6 6 6 6 --> 1
4 140 4 6 10 45 91 --> 1
221 221 221 168 3 102 168 --> 1
195 4 195 4 195 195 4 --> 1
3 197 192 3 5 180 180 --> 1
192 205 205 4 6 91 6 --> 1
5 197 192 3 6 91 4 --> 4
4 9 33 5 195 162 192 --> 1
102 102 168 102 102 102 168 --> 1
3 6 118 6 118 6 6 --> 1
195 195 120 175 175 175 7 --> 1
140 91 6 300 298 6 6 --> 3
195 5 197 192 6 128 91 --> 2
7 10 37 4 119 6 6 --> 1
168 146 168 45 221 3 4 --> 1
168 3 3 102 102 3 168 --> 1
78 78 78 140 3 78 78 --> 1
42 120 6 3 3 6 114 --> 1
5 5 4 4 4 5 6 --> 1
5 125 125 91 3 6 120 --> 1
175 120 175 3 7 175 175 --> 1
78 265 240 240 240 219 91 --> 1
240 196 78 265 240 78 219 --> 1
195 5 197 221 6 102 168 --> 1
140 3 3 91 6 91 4 --> 1
220 5 5 4 5 5 4 --> 1
195 195 5 197 3 91 4 --> 1
102 13 102 142 168 175 175 --> 1
102 168 102 168 3 102 6 --> 1
3 3 3 168 3 3 3 --> 1
174 174 174 174 5 221 220 --> 2
3 6 91 4 6 91 6 --> 1
5 6 6 6 192 6 5 --> 1
19 3 19 5 4 3 3 --> 1
3 102 102 168 265 3 3 --> 1
3 6 114 195 120 114 195 --> 1
195 196 196 38 6 6 6 --> 11
4 13 4 5 221 142 4 --> 1
221 168 3 102 102 6 4 --> 1
221 221 221 221 221 6 219 --> 1
140 140 140 197 192 6 219 --> 1
168 102 168 265 102 265 168 --> 1
240 240 240 240 240 240 219 --> 3
3 5 195 6 195 5 3 --> 1
3 4 6 91 38 6 91 --> 1
78 78 78 78 4 4 6 --> 3
265 240 240 78 265 240 240 --> 1
4 4 4 38 6 6 6 --> 1
3 3 143 3 6 45 4 --> 1
38 4 265 240 118 38 146 --> 1
3 3 3 180 180 6 91 --> 5
252 252 252 252 252 252 252 --> 1
78 265 240 240 196 78 265 --> 1
6 6 5 54 140 197 4 --> 1
54 175 120 175 175 54 140 --> 1
78 265 240 240 240 78 219 --> 2
168 102 168 102 102 168 168 --> 1
91 91 91 91 91 91 91 --> 4
102 102 240 6 168 102 265 --> 1
78 78 240 240 240 240 78 --> 1
91 91 91 91 4 6 91 --> 1
33 78 20 5 221 197 162 --> 1
265 240 240 196 240 78 265 --> 1
240 240 240 240 240 102 168 --> 2
195 195 195 195 195 195 4 --> 1
3 3 3 3 3 3 180 --> 1
5 15 197 192 4 6 91 --> 1
6 3 6 195 120 114 3 --> 1
42 120 6 3 7 195 10 --> 1
240 240 240 240 240 78 240 --> 1
265 240 4 240 240 78 219 --> 1
5 3 6 195 197 192 4 --> 1
6 125 45 3 180 6 91 --> 1
4 265 265 221 265 240 240 --> 1
4 6 91 4 6 91 4 --> 1
221 5 3 3 3 3 3 --> 1
4 45 4 45 4 45 6 --> 1
122 331 120 6 221 197 192 --> 1
3 5 195 91 5 175 4 --> 1
195 195 220 195 4 5 195 --> 1
4 265 265 168 3 6 6 --> 1
228 94 6 6 6 6 6 --> 8
3 3 6 91 229 195 226 --> 1
240 78 265 240 78 219 240 --> 1
196 196 78 265 240 240 219 --> 1
6 125 125 125 168 146 4 --> 1
91 102 119 168 119 265 264 --> 1
175 7 175 7 175 175 175 --> 1
221 221 221 221 168 102 102 --> 1
4 3 3 4 4 3 3 --> 1
5 3 3 6 195 4 4 --> 1
221 4 168 6 6 3 168 --> 1
265 265 3 4 4 6 4 --> 1
4 4 4 4 219 38 240 --> 1
120 114 63 120 114 120 114 --> 1
63 6 120 63 5 120 114 --> 1
192 3 6 91 195 141 6 --> 2
3 3 168 3 3 3 3 --> 1
7 174 174 174 6 4 4 --> 1
13 13 168 102 13 13 4 --> 1
4 91 6 91 6 91 6 --> 2
78 265 240 240 240 196 240 --> 1
192 125 125 125 168 146 4 --> 1
197 220 5 6 197 5 5 --> 1
192 192 192 6 192 192 243 --> 1
221 221 168 240 168 168 168 --> 1
140 3 3 3 140 78 240 --> 1
6 91 120 4 6 91 38 --> 1
221 221 221 221 221 221 221 --> 2
5 221 5 3 3 197 192 --> 1
6 91 195 5 197 192 3 --> 1
6 195 5 3 6 45 4 --> 1
120 114 4 4 120 114 4 --> 1
78 78 78 78 78 197 54 --> 1
4 4 91 3 6 91 4 --> 1
4 4 4 3 4 4 3 --> 1
102 168 102 265 168 102 102 --> 1
4 4 4 3 4 4 4 --> 1
4 4 4 4 4 3 33 --> 1
195 195 195 195 195 120 114 --> 1
240 240 240 265 220 196 196 --> 1
221 221 221 221 4 168 168 --> 1
3 3 4 3 3 3 4 --> 1
33 309 3 3 309 3 3 --> 1
7 7 175 7 3 175 175 --> 1
6 6 4 3 7 175 6 --> 1
6 6 195 195 195 195 4 --> 1
6 4 6 91 120 91 6 --> 1
42 120 120 114 42 120 6 --> 1
265 168 265 102 6 102 265 --> 1
91 140 3 3 3 4 91 --> 1
240 78 265 240 219 240 91 --> 2
195 195 195 195 195 197 4 --> 1
13 142 5 4 142 4 5 --> 1
4 102 168 221 168 168 168 --> 1
168 102 102 197 192 6 4 --> 2
6 196 195 45 192 192 4 --> 1
5 197 192 3 3 3 3 --> 1
197 195 6 195 3 174 4 --> 1
196 196 196 196 196 196 196 --> 1
6 6 197 5 5 5 192 --> 1
3 168 168 168 7 168 168 --> 1
3 3 3 4 4 3 4 --> 1
5 221 142 4 6 142 3 --> 1
33 33 3 3 3 6 33 --> 1
4 10 10 240 240 78 219 --> 1
197 4 4 4 4 4 78 --> 1
5 197 192 3 6 91 45 --> 1
3 142 4 6 13 30 4 --> 2
141 141 6 196 195 196 3 --> 1
196 196 196 141 6 195 3 --> 1
196 196 220 240 240 78 219 --> 1
207 4 6 91 38 6 10 --> 1
120 175 42 7 7 195 120 --> 1
91 91 45 91 91 91 91 --> 1
102 265 168 102 102 102 265 --> 1
4 4 140 4 140 13 183 --> 1
118 6 118 10 118 6 6 --> 1
195 195 195 195 120 195 120 --> 1
3 3 4 3 3 4 4 --> 1
201 208 110 208 175 66 120 --> 1
3 3 3 3 3 6 6 --> 1
192 3 6 91 141 6 120 --> 1
175 174 7 175 7 119 175 --> 1
141 6 33 33 5 33 33 --> 1
120 7 175 7 119 174 175 --> 1
221 221 221 168 6 4 168 --> 1
78 265 240 240 78 219 91 --> 2
6 91 54 175 120 175 7 --> 1
195 195 195 195 195 3 4 --> 1
5 197 197 192 3 174 4 --> 1
63 6 3 3 3 3 3 --> 1
91 10 10 4 6 91 4 --> 2
6 91 4 4 6 91 4 --> 1
7 175 175 195 120 175 175 --> 1
3 3 3 3 3 54 140 --> 1
102 168 102 102 3 168 3 --> 1
140 4 140 13 183 4 4 --> 1
10 221 221 221 6 240 219 --> 1
293 293 3 91 91 91 168 --> 1
174 174 174 174 6 91 6 --> 3
114 120 114 120 114 120 114 --> 1
3 3 4 4 3 4 4 --> 1
195 5 195 195 5 5 195 --> 1
168 102 265 168 102 102 6 --> 2
197 192 140 3 6 91 142 --> 1
4 175 175 3 175 175 3 --> 1
3 3 194 10 221 6 6 --> 1
91 45 45 4 221 221 142 --> 1
3 6 195 201 120 114 3 --> 1
45 3 6 175 54 175 57 --> 1
4 4 3 4 4 4 4 --> 2
6 3 3 6 114 195 3 --> 1
220 6 63 6 5 63 6 --> 1
78 240 240 240 240 78 219 --> 2
6 240 240 240 45 91 4 --> 1
33 240 91 240 6 78 219 --> 1
3 140 3 140 3 3 6 --> 1
221 221 221 221 221 221 168 --> 2
54 140 195 3 195 45 195 --> 1
78 125 125 240 240 78 219 --> 1
4 4 4 4 4 4 4 --> 23
4 4 4 4 4 4 6 --> 2
4 4 4 4 4 4 3 --> 1
63 120 114 63 6 63 6 --> 1
168 265 102 102 265 168 265 --> 1
195 5 197 3 6 195 5 --> 1
102 6 265 78 78 78 265 --> 1
255 255 255 265 6 6 6 --> 13
174 120 175 175 7 175 175 --> 1
45 140 3 3 3 3 4 --> 1
175 175 195 195 120 175 174 --> 1
114 120 114 3 120 114 120 --> 1
196 196 240 240 78 219 91 --> 1
4 3 6 91 6 91 6 --> 1
240 240 240 78 78 78 219 --> 1
3 120 114 120 114 12 120 --> 1
78 265 240 78 240 78 219 --> 4
3 3 4 4 3 3 3 --> 1
175 120 7 7 120 175 54 --> 1
221 221 221 221 221 4 168 --> 1
6 3 6 265 168 265 6 --> 1
91 201 54 195 196 196 38 --> 1
146 168 3 3 13 3 265 --> 1
4 3 6 6 6 6 6 --> 1
140 3 3 4 6 91 4 --> 1
220 78 265 240 240 78 219 --> 1
78 78 265 240 240 78 219 --> 11
195 195 195 195 195 174 4 --> 1
102 265 102 122 102 309 102 --> 1
140 140 78 140 3 78 78 --> 1
38 6 6 6 6 37 6 --> 1
197 192 4 91 45 45 45 --> 1
