162 5 6 --> 1
162 5 5 --> 2
142 54 146 --> 2
162 5 3 --> 3
142 54 142 --> 3
3 3 5 --> 36
3 3 4 --> 4
3 3 6 --> 25
3 3 3 --> 837
168 43 195 --> 1
146 119 265 --> 1
91 5 54 --> 1
104 91 3 --> 1
268 45 45 --> 3
309 309 54 --> 22
104 175 104 --> 5
104 142 142 --> 14
78 265 19 --> 1
265 265 43 --> 49
33 195 195 --> 12
140 91 5 --> 3
33 195 196 --> 9
78 192 5 --> 1
168 78 146 --> 1
265 142 119 --> 2
197 192 3 --> 6
5 78 78 --> 1
197 192 5 --> 2
197 192 6 --> 8
91 12 91 --> 2
140 91 6 --> 5
102 33 13 --> 1
13 91 12 --> 1
104 3 104 --> 16
6 125 54 --> 1
3 91 162 --> 2
265 3 119 --> 2
265 4 19 --> 1
183 331 3 --> 2
265 104 104 --> 9
301 301 6 --> 17
33 3 3 --> 1
6 5 78 --> 1
195 33 33 --> 14
102 195 195 --> 1
104 78 78 --> 1
142 3 3 --> 84
33 6 3 --> 1
104 104 142 --> 8
175 91 265 --> 1
4 78 43 --> 1
45 78 146 --> 1
43 265 168 --> 54
13 220 195 --> 1
301 220 6 --> 1
168 45 78 --> 3
174 60 60 --> 1
265 146 265 --> 28
4 168 4 --> 3
60 5 91 --> 1
4 13 4 --> 34
175 3 3 --> 17
5 192 197 --> 1
3 168 146 --> 39
168 4 78 --> 1
6 5 162 --> 3
60 104 91 --> 2
142 7 142 --> 10
6 163 168 --> 1
3 265 43 --> 52
301 220 221 --> 2
142 3 104 --> 31
220 6 301 --> 1
265 13 78 --> 1
142 102 7 --> 1
192 13 13 --> 1
168 265 168 --> 1805
265 265 340 --> 9
142 104 146 --> 1
5 4 13 --> 1
142 104 142 --> 12
162 3 197 --> 1
192 168 78 --> 1
140 140 91 --> 1
6 192 3 --> 2
6 192 5 --> 2
45 146 4 --> 1
43 168 168 --> 89
146 13 168 --> 1
78 78 195 --> 5
78 78 192 --> 2
175 54 175 --> 3
268 13 220 --> 1
104 146 175 --> 1
3 78 240 --> 1
54 54 309 --> 70
104 104 3 --> 9
196 196 91 --> 6
5 197 91 --> 6
168 45 104 --> 1
168 102 195 --> 1
3 6 141 --> 1
146 265 146 --> 8
12 104 13 --> 1
146 265 142 --> 17
54 3 142 --> 3
45 6 146 --> 1
195 102 102 --> 1
3 168 19 --> 3
265 340 265 --> 4
43 168 3 --> 56
265 175 91 --> 1
195 91 6 --> 1
195 91 5 --> 5
3 3 78 --> 7
19 265 265 --> 3
5 91 33 --> 2
43 3 340 --> 1
192 192 192 --> 9
45 3 5 --> 1
192 140 192 --> 1
192 140 195 --> 1
45 3 3 --> 5
54 3 54 --> 12
146 142 104 --> 4
78 102 168 --> 12
146 4 168 --> 2
175 54 3 --> 2
192 104 5 --> 1
78 240 240 --> 6
45 45 102 --> 1
104 91 78 --> 1
120 3 13 --> 1
5 4 4 --> 1
5 3 91 --> 21
91 196 5 --> 2
197 192 195 --> 2
197 192 197 --> 1
265 19 168 --> 6
146 146 104 --> 1
162 3 3 --> 3
162 3 5 --> 3
162 3 6 --> 1
197 3 91 --> 3
192 168 168 --> 5
168 43 168 --> 82
146 168 102 --> 2
221 168 78 --> 2
265 168 146 --> 46
192 102 102 --> 5
3 268 13 --> 1
168 162 3 --> 1
125 91 258 --> 3
168 3 43 --> 42
265 168 3 --> 482
91 33 5 --> 1
3 13 168 --> 1
45 5 102 --> 1
142 265 142 --> 44
104 142 175 --> 5
142 265 146 --> 14
6 120 13 --> 1
5 3 192 --> 5
5 3 197 --> 29
265 265 54 --> 1
5 3 195 --> 4
33 33 13 --> 13
265 142 104 --> 17
265 54 3 --> 1
5 146 168 --> 1
78 13 4 --> 12
119 104 142 --> 1
197 140 91 --> 1
197 78 146 --> 1
340 43 3 --> 1
140 91 102 --> 1
33 3 33 --> 1
175 3 265 --> 8
163 45 78 --> 2
265 119 119 --> 1
33 45 6 --> 1
168 13 3 --> 3
168 13 4 --> 1
221 221 3 --> 1
221 6 301 --> 1
197 301 301 --> 4
175 104 175 --> 6
168 43 340 --> 2
5 240 4 --> 1
265 104 265 --> 18
195 3 6 --> 1
192 163 168 --> 1
3 142 119 --> 2
240 4 240 --> 9
78 195 102 --> 2
78 195 104 --> 5
197 5 13 --> 1
78 33 3 --> 1
142 146 142 --> 17
142 146 146 --> 2
4 78 78 --> 1
60 60 183 --> 3
5 54 54 --> 1
78 13 13 --> 19
3 192 91 --> 3
265 240 240 --> 1
265 3 195 --> 1
3 4 146 --> 1
45 3 183 --> 1
91 91 13 --> 1
142 4 7 --> 1
175 191 122 --> 3
13 78 104 --> 1
13 78 102 --> 1
4 13 240 --> 16
174 78 168 --> 1
78 104 60 --> 1
4 168 146 --> 2
141 3 3 --> 1
265 91 265 --> 1
91 192 13 --> 1
33 5 146 --> 2
163 91 102 --> 1
195 168 3 --> 3
301 295 221 --> 2
301 295 220 --> 1
142 142 3 --> 71
60 5 168 --> 1
142 142 4 --> 1
142 142 7 --> 10
220 195 220 --> 1
13 13 240 --> 12
119 142 146 --> 1
12 60 104 --> 2
142 104 175 --> 7
5 141 195 --> 1
6 195 91 --> 3
142 3 265 --> 62
102 5 91 --> 1
12 3 183 --> 1
102 102 78 --> 2
91 197 91 --> 3
6 91 192 --> 2
104 104 146 --> 1
13 33 195 --> 6
6 91 197 --> 1
6 91 195 --> 2
5 6 91 --> 16
175 175 3 --> 4
104 175 3 --> 7
54 54 220 --> 1
12 91 78 --> 1
19 4 19 --> 1
146 265 175 --> 2
168 102 183 --> 3
5 141 6 --> 1
5 5 125 --> 1
120 5 104 --> 1
5 192 6 --> 4
5 192 5 --> 7
162 168 265 --> 1
5 91 196 --> 5
3 175 54 --> 3
175 6 3 --> 3
163 78 104 --> 1
3 141 3 --> 3
3 141 5 --> 1
3 141 6 --> 1
221 300 301 --> 1
221 104 6 --> 1
168 78 13 --> 2
168 102 91 --> 8
195 33 45 --> 1
197 91 3 --> 2
197 91 5 --> 7
122 104 4 --> 1
309 54 3 --> 5
13 6 3 --> 1
91 5 162 --> 1
78 192 102 --> 2
3 45 3 --> 6
3 6 197 --> 4
146 146 175 --> 1
45 3 19 --> 2
196 91 91 --> 7
45 192 5 --> 2
104 175 175 --> 5
265 175 175 --> 2
45 192 183 --> 1
175 3 104 --> 6
91 195 192 --> 1
196 192 91 --> 1
168 102 168 --> 419
168 91 13 --> 1
142 265 54 --> 1
91 6 91 --> 4
168 102 163 --> 5
13 240 4 --> 13
196 195 33 --> 5
91 196 195 --> 1
3 91 146 --> 1
221 301 221 --> 2
13 104 78 --> 3
91 195 5 --> 7
220 220 301 --> 6
91 195 3 --> 2
175 265 146 --> 2
197 60 102 --> 1
13 331 102 --> 1
104 265 3 --> 27
142 265 175 --> 6
301 220 220 --> 6
301 221 220 --> 1
301 221 221 --> 1
104 174 168 --> 1
221 6 268 --> 1
240 3 3 --> 2
265 3 78 --> 4
196 5 91 --> 5
146 142 265 --> 12
91 163 78 --> 2
78 91 197 --> 1
3 119 142 --> 1
3 119 146 --> 1
119 142 175 --> 2
168 340 340 --> 1
13 240 240 --> 15
102 104 33 --> 1
78 60 102 --> 1
78 78 33 --> 1
3 3 119 --> 1
195 33 13 --> 8
102 91 45 --> 4
3 195 6 --> 2
192 195 6 --> 1
104 265 104 --> 3
192 195 5 --> 1
54 265 3 --> 1
3 142 104 --> 14
195 5 102 --> 1
4 3 265 --> 2
3 265 3 --> 296
13 195 33 --> 2
195 6 195 --> 1
195 6 192 --> 1
5 162 3 --> 2
3 60 102 --> 1
5 162 6 --> 1
5 162 5 --> 3
141 3 197 --> 1
174 54 192 --> 1
162 91 192 --> 1
168 3 192 --> 1
221 78 45 --> 1
102 192 45 --> 1
168 45 13 --> 1
168 3 195 --> 6
78 6 78 --> 1
19 265 3 --> 2
13 13 104 --> 1
6 5 140 --> 2
91 192 162 --> 1
91 192 140 --> 1
13 13 13 --> 20
13 13 12 --> 3
221 102 168 --> 4
168 340 168 --> 11
265 240 4 --> 2
195 220 220 --> 5
197 91 192 --> 1
197 91 195 --> 2
197 91 197 --> 1
91 168 78 --> 2
168 146 168 --> 120
301 301 221 --> 23
301 301 220 --> 31
3 265 146 --> 17
3 265 142 --> 50
3 195 340 --> 2
13 5 13 --> 2
162 91 6 --> 1
195 122 3 --> 1
3 240 78 --> 1
168 104 13 --> 2
45 104 13 --> 3
168 265 102 --> 21
45 78 168 --> 2
6 102 168 --> 1
240 33 78 --> 1
5 5 205 --> 1
119 119 3 --> 1
3 43 3 --> 19
6 91 3 --> 9
142 175 265 --> 6
5 6 125 --> 1
91 102 102 --> 6
5 196 91 --> 1
5 140 5 --> 2
195 5 195 --> 10
5 45 146 --> 1
6 45 78 --> 2
91 3 91 --> 10
146 4 78 --> 1
13 4 4 --> 31
300 300 301 --> 1
12 5 168 --> 1
102 5 140 --> 1
91 104 102 --> 2
146 265 168 --> 35
3 43 168 --> 36
45 5 78 --> 1
240 78 13 --> 6
6 162 6 --> 1
3 195 168 --> 3
142 104 3 --> 28
6 192 45 --> 1
3 174 45 --> 1
104 265 54 --> 1
192 104 122 --> 1
195 102 168 --> 1
54 146 142 --> 1
197 91 91 --> 1
3 43 340 --> 1
119 3 175 --> 1
6 162 3 --> 1
45 183 331 --> 1
5 140 6 --> 1
102 163 45 --> 2
60 13 192 --> 2
3 309 54 --> 3
192 331 13 --> 1
78 102 102 --> 4
6 91 162 --> 1
146 146 168 --> 10
146 175 146 --> 2
57 175 54 --> 3
142 119 3 --> 2
192 163 12 --> 1
54 265 265 --> 1
168 183 5 --> 1
265 168 168 --> 1712
13 197 78 --> 2
192 102 168 --> 3
19 19 3 --> 156
195 220 6 --> 1
240 240 240 --> 10
146 168 168 --> 94
265 265 3 --> 329
265 78 146 --> 2
12 104 5 --> 1
265 168 340 --> 5
168 78 265 --> 3
3 19 168 --> 2
3 19 162 --> 1
3 195 91 --> 2
265 3 43 --> 25
104 174 175 --> 4
265 142 3 --> 45
33 33 33 --> 29
265 265 78 --> 1
175 146 3 --> 3
13 195 196 --> 1
13 195 195 --> 6
146 104 3 --> 10
91 6 104 --> 1
168 168 104 --> 2
168 168 102 --> 186
91 91 91 --> 13
104 122 6 --> 1
3 142 265 --> 42
4 5 4 --> 1
240 240 13 --> 14
119 265 3 --> 2
102 91 183 --> 1
5 91 162 --> 1
104 168 168 --> 1
142 119 119 --> 1
195 54 3 --> 1
13 265 4 --> 2
3 78 78 --> 12
168 5 104 --> 1
240 78 4 --> 11
120 13 13 --> 2
146 104 142 --> 4
140 197 197 --> 1
43 43 168 --> 25
140 197 192 --> 5
3 91 195 --> 1
45 102 168 --> 1
146 78 102 --> 2
340 43 43 --> 1
3 91 197 --> 2
78 195 78 --> 1
4 78 240 --> 12
78 3 146 --> 1
6 3 268 --> 1
102 142 102 --> 1
119 146 3 --> 1
104 265 265 --> 15
102 192 3 --> 1
265 340 3 --> 3
265 265 195 --> 3
6 91 78 --> 1
142 142 120 --> 1
168 3 340 --> 7
196 91 102 --> 1
91 192 196 --> 1
91 192 197 --> 1
196 33 5 --> 1
183 5 6 --> 1
6 3 192 --> 3
6 3 195 --> 3
6 3 197 --> 1
104 104 265 --> 5
13 13 6 --> 1
13 13 5 --> 2
13 13 4 --> 22
13 13 3 --> 1
163 78 13 --> 1
3 265 175 --> 6
146 3 104 --> 3
265 4 4 --> 2
168 168 192 --> 9
13 13 220 --> 2
5 5 45 --> 1
33 33 196 --> 7
33 33 195 --> 17
3 168 265 --> 509
19 146 168 --> 2
301 301 301 --> 513
175 146 146 --> 1
102 195 5 --> 1
175 146 142 --> 5
104 13 13 --> 1
102 142 7 --> 1
102 102 91 --> 4
195 197 192 --> 2
45 192 45 --> 1
102 78 78 --> 1
265 240 33 --> 1
6 33 5 --> 21
196 12 168 --> 1
168 3 168 --> 946
102 13 102 --> 2
265 265 175 --> 2
102 13 3 --> 1
91 3 162 --> 3
125 125 125 --> 21
43 3 43 --> 5
3 162 5 --> 1
13 168 78 --> 1
3 162 6 --> 1
3 162 3 --> 2
163 78 168 --> 1
5 5 104 --> 1
5 192 91 --> 5
102 102 122 --> 1
174 174 57 --> 3
265 195 168 --> 7
168 265 340 --> 5
195 196 91 --> 3
5 102 195 --> 1
195 140 91 --> 1
43 265 265 --> 38
91 162 91 --> 2
3 265 195 --> 3
33 5 78 --> 1
265 54 142 --> 1
102 168 13 --> 1
163 168 168 --> 4
3 168 43 --> 55
3 13 91 --> 1
43 168 265 --> 60
102 163 221 --> 1
197 162 3 --> 1
195 340 340 --> 3
45 122 6 --> 1
13 3 5 --> 1
13 3 4 --> 1
91 195 91 --> 4
78 146 19 --> 1
54 309 309 --> 21
91 5 140 --> 3
168 78 3 --> 15
91 5 146 --> 1
192 60 60 --> 1
4 3 19 --> 1
168 4 168 --> 10
168 91 104 --> 2
192 45 78 --> 1
195 3 122 --> 1
5 3 43 --> 1
192 78 5 --> 1
122 6 196 --> 1
192 78 6 --> 1
295 295 220 --> 1
168 91 78 --> 2
13 192 91 --> 1
6 197 5 --> 1
168 168 265 --> 1754
220 196 102 --> 1
91 197 195 --> 1
6 197 3 --> 4
265 168 4 --> 2
142 146 3 --> 18
197 168 102 --> 1
196 195 13 --> 3
6 6 91 --> 4
340 43 168 --> 1
45 102 102 --> 1
192 6 125 --> 2
78 91 3 --> 2
265 3 54 --> 1
4 13 78 --> 8
78 91 5 --> 1
195 340 168 --> 7
3 119 3 --> 2
240 13 78 --> 4
205 3 19 --> 1
78 5 240 --> 1
191 122 268 --> 3
265 104 3 --> 26
163 13 13 --> 1
175 175 104 --> 5
13 102 102 --> 1
168 162 168 --> 2
13 91 3 --> 1
6 125 91 --> 1
3 19 19 --> 155
102 91 192 --> 1
146 78 265 --> 1
142 119 104 --> 1
91 91 192 --> 2
104 5 197 --> 1
104 13 91 --> 1
146 146 3 --> 5
265 104 146 --> 2
183 331 221 --> 1
265 104 142 --> 10
19 168 265 --> 2
175 104 142 --> 5
78 13 104 --> 1
175 104 146 --> 2
78 13 102 --> 3
168 3 78 --> 8
12 91 45 --> 1
168 102 192 --> 14
78 78 13 --> 2
163 6 78 --> 1
220 301 295 --> 3
91 163 102 --> 1
78 13 240 --> 4
142 146 119 --> 1
146 3 168 --> 42
78 195 45 --> 1
168 78 195 --> 1
192 140 91 --> 5
240 5 4 --> 1
168 43 265 --> 54
6 141 5 --> 1
197 197 192 --> 1
197 197 197 --> 3
33 13 33 --> 10
3 5 141 --> 1
78 168 265 --> 1
33 78 45 --> 1
163 78 5 --> 1
91 163 45 --> 1
13 13 33 --> 5
78 104 91 --> 2
5 205 3 --> 1
221 102 102 --> 4
91 6 120 --> 1
5 104 45 --> 1
91 13 13 --> 5
195 33 78 --> 1
183 268 13 --> 1
5 125 6 --> 1
175 174 174 --> 3
168 146 146 --> 8
6 3 141 --> 1
146 3 175 --> 7
175 91 175 --> 1
301 295 301 --> 10
3 265 168 --> 521
19 168 3 --> 4
192 197 3 --> 1
104 146 78 --> 1
175 146 175 --> 2
6 102 102 --> 2
175 119 3 --> 1
12 168 102 --> 2
54 240 54 --> 1
168 195 168 --> 3
4 3 78 --> 1
5 6 102 --> 2
197 6 91 --> 2
102 183 122 --> 1
7 13 196 --> 1
122 146 3 --> 1
104 5 78 --> 1
340 168 3 --> 9
265 78 3 --> 1
119 142 265 --> 1
168 163 13 --> 1
192 192 243 --> 3
78 265 168 --> 2
183 12 168 --> 1
300 221 301 --> 2
122 104 45 --> 1
102 5 168 --> 1
43 3 168 --> 49
3 265 340 --> 3
6 146 78 --> 1
78 104 102 --> 1
3 6 91 --> 17
13 13 122 --> 1
43 195 340 --> 2
91 91 162 --> 1
240 78 78 --> 4
3 78 192 --> 1
3 78 195 --> 2
192 3 102 --> 1
45 104 174 --> 1
192 6 54 --> 1
104 146 265 --> 2
265 3 3 --> 309
196 33 196 --> 2
265 3 4 --> 1
6 268 13 --> 3
196 33 195 --> 5
168 102 45 --> 14
91 140 192 --> 1
91 140 196 --> 1
91 140 195 --> 1
168 102 221 --> 5
196 195 196 --> 2
196 195 197 --> 1
91 140 5 --> 2
196 195 195 --> 10
5 140 140 --> 2
6 197 192 --> 1
192 91 102 --> 1
6 91 141 --> 1
168 43 3 --> 35
54 175 6 --> 3
295 221 301 --> 2
168 192 102 --> 1
146 146 146 --> 4
13 331 78 --> 1
146 146 142 --> 6
5 4 3 --> 1
7 142 7 --> 5
104 175 146 --> 1
175 168 102 --> 1
265 175 142 --> 4
265 175 146 --> 5
192 6 5 --> 3
192 6 6 --> 3
3 240 265 --> 1
195 195 220 --> 5
168 168 43 --> 75
195 3 5 --> 2
195 3 3 --> 3
3 13 120 --> 1
168 168 45 --> 6
146 168 146 --> 20
265 168 78 --> 2
91 6 45 --> 3
265 168 102 --> 17
195 78 78 --> 1
45 192 331 --> 1
3 13 5 --> 1
265 78 168 --> 2
6 6 301 --> 2
220 220 221 --> 1
3 91 91 --> 4
196 140 192 --> 1
6 220 301 --> 3
102 163 168 --> 1
142 265 104 --> 20
168 146 78 --> 1
45 4 102 --> 1
195 195 54 --> 1
3 265 91 --> 1
12 102 102 --> 2
5 195 5 --> 14
5 195 6 --> 3
5 195 3 --> 2
3 3 146 --> 26
265 142 146 --> 18
91 45 104 --> 1
265 265 19 --> 1
91 45 102 --> 1
265 142 142 --> 50
3 54 142 --> 2
175 175 175 --> 11
142 120 142 --> 1
5 91 104 --> 1
5 91 102 --> 2
5 168 168 --> 2
4 146 168 --> 2
221 301 301 --> 25
221 301 300 --> 3
12 45 146 --> 2
102 45 13 --> 2
140 195 91 --> 2
33 3 78 --> 1
195 3 19 --> 1
104 168 102 --> 4
54 174 174 --> 1
301 221 301 --> 22
301 221 300 --> 1
3 78 12 --> 1
102 78 104 --> 1
174 60 196 --> 1
175 265 265 --> 4
3 142 3 --> 117
195 5 197 --> 3
195 5 196 --> 3
195 5 192 --> 2
6 162 5 --> 1
78 168 78 --> 7
195 5 5 --> 9
265 146 146 --> 9
195 5 6 --> 3
196 192 5 --> 1
192 6 91 --> 5
3 146 168 --> 22
168 195 265 --> 4
60 183 12 --> 3
19 265 168 --> 4
13 196 122 --> 1
146 78 4 --> 1
91 5 3 --> 20
3 91 192 --> 3
91 5 5 --> 43
146 104 146 --> 1
91 5 6 --> 11
78 3 168 --> 7
13 78 240 --> 4
104 183 5 --> 1
192 91 91 --> 3
197 102 168 --> 3
102 120 3 --> 1
12 120 6 --> 1
5 91 140 --> 1
6 91 13 --> 3
13 13 331 --> 1
5 91 141 --> 1
142 142 102 --> 1
120 3 3 --> 1
197 192 192 --> 23
142 142 104 --> 18
221 78 102 --> 1
162 265 168 --> 1
168 265 146 --> 41
33 33 268 --> 1
13 13 45 --> 1
104 78 4 --> 1
162 3 91 --> 1
4 146 3 --> 1
175 146 119 --> 1
301 197 301 --> 3
240 4 5 --> 1
240 4 4 --> 27
175 104 265 --> 2
220 19 3 --> 1
45 163 78 --> 1
4 265 240 --> 2
265 43 168 --> 82
33 195 13 --> 2
265 119 3 --> 1
192 12 91 --> 1
340 168 168 --> 15
240 174 174 --> 3
104 3 142 --> 33
104 3 146 --> 6
91 195 140 --> 1
5 13 13 --> 2
5 13 12 --> 2
168 146 221 --> 1
192 197 197 --> 1
5 168 60 --> 1
104 13 192 --> 1
192 5 12 --> 1
60 102 168 --> 5
102 221 102 --> 4
265 146 142 --> 1
78 45 45 --> 1
265 195 340 --> 5
265 240 13 --> 1
197 197 168 --> 1
340 3 43 --> 1
102 102 104 --> 1
168 3 146 --> 24
6 78 102 --> 2
340 340 3 --> 3
268 5 220 --> 1
168 240 240 --> 1
6 45 45 --> 3
102 102 102 --> 46
5 5 162 --> 1
163 12 3 --> 1
3 45 19 --> 2
102 6 3 --> 1
78 104 174 --> 3
141 6 91 --> 1
175 175 146 --> 4
102 265 265 --> 9
301 300 197 --> 1
195 197 91 --> 2
6 3 3 --> 16
6 3 5 --> 17
6 3 6 --> 11
3 78 168 --> 7
91 45 4 --> 1
91 45 5 --> 3
168 146 4 --> 1
3 146 54 --> 2
3 265 240 --> 1
4 3 3 --> 2
4 3 6 --> 1
265 146 54 --> 1
45 13 6 --> 1
196 196 195 --> 6
195 340 43 --> 1
5 197 195 --> 1
196 196 196 --> 17
146 168 104 --> 3
45 78 5 --> 1
168 4 146 --> 1
3 43 265 --> 27
197 104 45 --> 1
3 54 54 --> 9
104 146 3 --> 8
168 168 240 --> 2
45 13 197 --> 1
265 168 43 --> 44
340 3 265 --> 6
168 45 192 --> 4
168 45 195 --> 1
43 43 3 --> 10
6 301 221 --> 1
6 301 220 --> 2
5 78 162 --> 1
168 102 120 --> 1
146 142 175 --> 4
240 54 265 --> 1
119 3 142 --> 2
12 91 5 --> 1
3 146 104 --> 9
119 3 146 --> 1
221 295 301 --> 1
54 309 54 --> 70
119 265 142 --> 1
265 195 3 --> 1
340 265 168 --> 7
19 265 146 --> 1
192 5 6 --> 2
4 13 13 --> 20
192 5 3 --> 7
5 5 5 --> 109
6 221 102 --> 1
5 5 6 --> 23
5 13 5 --> 1
5 3 141 --> 2
5 5 3 --> 71
265 4 265 --> 1
265 142 175 --> 10
146 265 265 --> 27
142 3 91 --> 1
195 195 13 --> 1
195 195 12 --> 1
60 197 102 --> 1
265 168 265 --> 1027
183 5 197 --> 1
196 33 33 --> 16
142 146 265 --> 20
3 102 3 --> 1
196 122 104 --> 1
78 13 168 --> 1
119 119 265 --> 1
54 142 265 --> 1
168 3 19 --> 3
5 196 5 --> 7
102 45 168 --> 3
3 141 197 --> 1
146 168 78 --> 3
195 91 140 --> 2
197 5 192 --> 1
197 5 197 --> 1
91 163 122 --> 1
102 168 104 --> 3
104 60 60 --> 1
91 13 104 --> 1
168 19 265 --> 2
3 78 3 --> 4
168 45 91 --> 2
3 78 4 --> 2
146 104 175 --> 1
162 5 91 --> 1
5 3 3 --> 44
78 4 13 --> 12
45 5 197 --> 3
5 3 5 --> 78
45 5 195 --> 1
3 3 104 --> 36
6 192 195 --> 1
6 192 196 --> 1
340 265 3 --> 3
6 192 192 --> 3
3 168 240 --> 1
91 162 6 --> 1
33 13 13 --> 8
54 54 174 --> 1
91 162 3 --> 1
265 265 168 --> 887
142 142 175 --> 8
195 196 5 --> 7
195 141 3 --> 1
122 146 168 --> 1
195 265 265 --> 1
3 104 3 --> 37
4 78 4 --> 16
192 45 168 --> 1
33 5 197 --> 3
4 4 240 --> 23
91 45 3 --> 1
3 265 54 --> 2
220 300 301 --> 1
91 13 78 --> 1
3 240 33 --> 1
196 91 6 --> 1
196 91 5 --> 4
13 265 240 --> 2
146 54 142 --> 2
142 175 119 --> 2
45 168 102 --> 4
54 265 104 --> 1
6 195 220 --> 1
5 5 78 --> 3
104 3 175 --> 11
102 102 5 --> 1
265 3 142 --> 55
45 192 78 --> 2
265 3 146 --> 17
192 5 140 --> 1
5 221 54 --> 1
3 3 91 --> 21
3 4 3 --> 3
183 183 268 --> 1
5 5 91 --> 29
43 78 78 --> 1
220 6 192 --> 1
220 6 195 --> 5
220 6 196 --> 1
265 146 175 --> 3
91 3 192 --> 2
104 5 91 --> 1
91 3 197 --> 3
60 196 91 --> 1
104 102 168 --> 3
6 195 13 --> 1
146 142 3 --> 15
6 295 301 --> 1
183 13 220 --> 1
3 102 168 --> 1
45 45 78 --> 1
309 309 309 --> 5
4 7 142 --> 1
175 91 54 --> 1
91 91 140 --> 3
3 168 78 --> 3
102 168 45 --> 11
43 340 43 --> 1
301 295 295 --> 1
331 33 33 --> 1
43 168 102 --> 1
175 54 265 --> 1
5 91 91 --> 16
5 78 3 --> 1
3 163 91 --> 1
102 265 102 --> 1
168 78 60 --> 1
104 45 78 --> 3
7 7 142 --> 6
196 6 5 --> 1
196 6 6 --> 2
168 265 265 --> 891
45 45 168 --> 2
5 195 122 --> 1
3 6 162 --> 1
6 301 300 --> 1
6 301 301 --> 14
5 197 197 --> 4
13 240 78 --> 5
300 301 221 --> 2
5 220 6 --> 2
54 142 142 --> 5
54 142 146 --> 1
192 78 192 --> 1
192 78 197 --> 1
192 168 102 --> 7
5 197 192 --> 17
168 91 45 --> 3
196 196 13 --> 1
3 122 104 --> 1
104 197 221 --> 1
12 104 91 --> 1
119 265 175 --> 1
3 168 5 --> 1
3 168 4 --> 2
3 168 3 --> 414
168 78 220 --> 1
220 91 146 --> 1
195 3 265 --> 1
78 3 78 --> 13
3 104 142 --> 21
78 104 12 --> 1
3 104 146 --> 10
221 221 221 --> 1
91 45 163 --> 1
91 45 168 --> 1
195 168 168 --> 5
265 104 175 --> 4
91 142 3 --> 1
19 19 19 --> 119
5 168 102 --> 4
265 119 265 --> 3
78 91 104 --> 1
78 91 102 --> 2
13 192 102 --> 1
195 13 13 --> 2
195 5 220 --> 1
78 43 78 --> 1
125 5 195 --> 1
6 3 91 --> 6
265 4 146 --> 1
195 195 33 --> 16
91 168 168 --> 5
301 6 220 --> 4
3 183 13 --> 2
78 3 102 --> 1
122 6 268 --> 1
195 45 104 --> 1
240 3 240 --> 1
5 197 6 --> 2
5 197 5 --> 12
5 197 3 --> 9
3 3 175 --> 31
196 196 5 --> 1
6 192 183 --> 1
196 196 6 --> 1
78 12 91 --> 1
60 60 102 --> 2
78 45 60 --> 1
162 265 146 --> 1
331 221 6 --> 1
45 78 13 --> 2
340 43 265 --> 1
104 142 3 --> 22
195 3 197 --> 1
45 168 78 --> 2
309 3 54 --> 2
78 3 192 --> 1
45 33 6 --> 1
3 91 265 --> 1
4 265 265 --> 1
91 141 5 --> 1
295 220 301 --> 2
91 141 3 --> 1
146 3 146 --> 8
195 5 91 --> 6
146 3 142 --> 11
168 340 3 --> 2
78 220 196 --> 1
102 13 104 --> 1
91 192 91 --> 1
142 175 104 --> 7
195 197 5 --> 2
195 140 6 --> 1
309 54 309 --> 21
43 78 102 --> 1
168 340 265 --> 5
265 3 175 --> 8
5 146 91 --> 1
221 78 12 --> 1
91 91 6 --> 4
91 91 5 --> 17
91 91 3 --> 10
78 168 183 --> 1
6 91 5 --> 20
78 78 168 --> 9
168 6 192 --> 1
195 265 43 --> 1
4 4 13 --> 28
4 4 19 --> 1
104 4 3 --> 1
104 12 102 --> 2
146 175 142 --> 3
265 43 3 --> 54
45 146 78 --> 2
197 78 168 --> 1
265 146 168 --> 39
146 3 3 --> 31
265 240 78 --> 1
43 265 195 --> 3
195 340 3 --> 2
43 168 43 --> 18
91 6 146 --> 1
102 5 78 --> 1
33 195 33 --> 13
104 192 102 --> 1
102 6 78 --> 1
168 162 265 --> 1
45 45 43 --> 1
175 142 142 --> 10
175 142 146 --> 5
45 45 45 --> 2
6 195 196 --> 2
5 5 140 --> 4
102 102 168 --> 75
3 195 195 --> 2
140 91 196 --> 2
300 301 301 --> 16
3 5 3 --> 46
78 331 33 --> 1
5 196 195 --> 2
142 3 175 --> 28
3 5 6 --> 21
3 5 5 --> 73
168 19 3 --> 2
4 104 13 --> 1
122 268 13 --> 1
5 197 102 --> 1
192 5 5 --> 11
220 295 301 --> 1
168 265 78 --> 1
168 102 78 --> 2
168 78 78 --> 8
140 6 192 --> 1
91 91 197 --> 1
91 91 196 --> 1
91 91 195 --> 4
3 54 3 --> 3
146 4 195 --> 1
301 221 6 --> 1
3 6 174 --> 3
183 13 13 --> 1
3 146 78 --> 2
3 265 265 --> 344
5 140 197 --> 5
5 140 195 --> 2
45 45 192 --> 4
192 162 6 --> 1
197 6 3 --> 1
13 104 168 --> 1
197 6 5 --> 4
197 6 6 --> 2
19 3 19 --> 123
6 146 168 --> 1
91 45 45 --> 3
195 3 168 --> 4
43 3 265 --> 49
19 19 146 --> 1
168 168 78 --> 22
196 5 5 --> 3
102 45 3 --> 1
102 45 5 --> 1
91 6 78 --> 1
19 3 3 --> 225
168 102 104 --> 1
168 102 102 --> 59
183 122 3 --> 1
54 54 3 --> 8
265 340 168 --> 8
45 45 5 --> 3
45 45 3 --> 1
5 3 162 --> 1
3 60 60 --> 1
5 3 168 --> 1
3 104 175 --> 12
6 5 6 --> 7
168 45 5 --> 1
104 13 5 --> 6
6 5 5 --> 23
6 5 3 --> 19
258 311 240 --> 3
19 45 3 --> 1
13 5 197 --> 5
13 5 195 --> 1
175 175 142 --> 11
196 5 196 --> 1
196 5 197 --> 1
196 5 195 --> 3
192 45 33 --> 1
78 4 168 --> 2
78 175 60 --> 1
146 168 265 --> 47
13 33 33 --> 9
221 3 78 --> 1
142 119 142 --> 1
331 78 168 --> 1
265 19 265 --> 3
3 240 3 --> 1
10 146 78 --> 1
78 60 168 --> 1
6 220 221 --> 1
3 175 3 --> 27
13 197 6 --> 1
301 6 301 --> 14
33 78 78 --> 1
175 104 104 --> 2
265 43 43 --> 21
196 91 13 --> 1
78 195 192 --> 1
104 119 142 --> 1
102 168 168 --> 199
43 340 168 --> 3
91 13 122 --> 1
195 5 141 --> 1
102 168 163 --> 3
195 192 196 --> 1
195 192 195 --> 1
6 221 301 --> 1
78 60 60 --> 1
3 3 163 --> 1
3 3 168 --> 400
78 168 4 --> 1
3 175 142 --> 30
3 175 146 --> 3
5 104 168 --> 1
220 195 195 --> 2
104 142 265 --> 14
13 13 78 --> 13
141 3 91 --> 2
4 168 19 --> 2
19 3 265 --> 1
301 300 220 --> 7
301 300 221 --> 2
300 220 6 --> 1
174 11 45 --> 3
168 168 4 --> 13
168 168 6 --> 1
43 265 43 --> 14
168 168 3 --> 902
91 6 3 --> 5
91 6 6 --> 1
91 6 5 --> 13
91 33 195 --> 1
265 3 168 --> 516
265 102 168 --> 24
19 168 146 --> 2
5 104 12 --> 1
19 162 265 --> 1
4 168 265 --> 1
192 142 142 --> 1
3 5 102 --> 1
265 265 142 --> 35
265 265 146 --> 28
265 3 340 --> 2
162 168 3 --> 2
240 78 240 --> 1
146 175 175 --> 1
13 91 102 --> 1
4 265 146 --> 1
91 102 168 --> 5
33 33 5 --> 1
265 54 265 --> 3
13 13 168 --> 2
175 265 3 --> 12
104 102 102 --> 1
19 146 3 --> 1
102 192 195 --> 1
196 91 196 --> 1
196 91 195 --> 1
4 240 13 --> 11
331 6 268 --> 1
140 5 197 --> 1
140 5 195 --> 3
102 5 45 --> 1
91 258 311 --> 3
175 142 175 --> 12
196 13 13 --> 1
104 5 4 --> 1
91 3 13 --> 1
13 78 78 --> 3
340 3 3 --> 2
309 54 54 --> 67
6 13 33 --> 1
197 195 5 --> 1
54 3 309 --> 4
265 195 265 --> 2
146 19 146 --> 1
141 195 195 --> 1
265 43 195 --> 1
300 220 220 --> 1
168 104 91 --> 5
13 120 5 --> 1
13 5 91 --> 1
192 174 54 --> 1
13 45 146 --> 1
300 197 301 --> 1
268 13 192 --> 1
168 265 43 --> 93
268 13 12 --> 1
268 13 13 --> 3
3 6 3 --> 13
3 6 5 --> 23
3 6 6 --> 6
3 6 7 --> 2
6 104 146 --> 1
168 102 265 --> 19
91 5 192 --> 1
168 265 3 --> 569
91 5 197 --> 8
91 5 196 --> 3
45 45 183 --> 1
6 195 5 --> 3
175 104 3 --> 14
5 195 141 --> 1
6 122 268 --> 1
19 4 146 --> 1
13 122 146 --> 2
192 91 6 --> 1
119 146 265 --> 2
192 91 5 --> 4
192 91 3 --> 2
192 163 78 --> 3
168 78 4 --> 1
265 175 104 --> 2
78 4 4 --> 15
78 4 3 --> 2
301 221 197 --> 1
146 265 3 --> 17
195 104 60 --> 1
60 60 5 --> 1
196 196 33 --> 11
5 5 192 --> 16
5 5 195 --> 11
5 5 197 --> 12
5 5 196 --> 6
78 78 240 --> 2
192 163 6 --> 1
102 168 102 --> 315
265 146 119 --> 2
122 78 3 --> 1
331 120 3 --> 1
91 196 196 --> 1
192 6 192 --> 3
78 240 13 --> 4
301 220 295 --> 1
13 4 240 --> 10
197 5 196 --> 1
175 3 146 --> 1
197 91 13 --> 2
175 3 142 --> 18
91 45 146 --> 1
13 331 146 --> 1
295 301 301 --> 13
3 3 19 --> 220
221 197 301 --> 1
163 45 104 --> 1
240 240 174 --> 3
192 3 91 --> 3
220 5 196 --> 1
168 78 331 --> 1
13 3 13 --> 1
119 142 142 --> 3
4 3 168 --> 4
142 265 3 --> 38
6 301 6 --> 1
240 240 78 --> 7
146 168 3 --> 32
175 142 54 --> 1
146 168 4 --> 1
192 192 78 --> 1
195 13 33 --> 3
78 5 102 --> 1
102 192 60 --> 1
146 78 78 --> 2
142 54 265 --> 3
197 5 162 --> 1
45 33 192 --> 3
163 122 6 --> 1
13 12 120 --> 1
91 168 102 --> 1
197 5 91 --> 5
195 91 91 --> 4
146 104 104 --> 5
195 168 43 --> 2
140 195 195 --> 1
168 162 78 --> 1
78 13 91 --> 1
45 5 168 --> 2
301 221 295 --> 1
168 168 340 --> 10
142 142 146 --> 27
3 175 175 --> 11
142 142 142 --> 94
4 78 13 --> 18
5 3 6 --> 21
45 78 78 --> 1
104 5 3 --> 1
6 192 140 --> 1
54 265 54 --> 1
6 45 163 --> 1
6 45 168 --> 2
78 78 3 --> 8
91 78 104 --> 1
91 78 102 --> 1
265 4 168 --> 5
140 192 195 --> 1
3 175 91 --> 2
168 240 3 --> 1
195 5 3 --> 8
60 168 168 --> 1
168 265 195 --> 6
3 146 4 --> 2
3 146 3 --> 25
102 168 5 --> 1
141 6 3 --> 1
102 168 6 --> 2
331 13 331 --> 1
104 265 175 --> 7
197 6 195 --> 1
192 183 6 --> 1
142 104 265 --> 17
301 301 300 --> 24
168 146 265 --> 37
196 195 5 --> 1
3 142 175 --> 23
5 192 196 --> 1
6 91 196 --> 1
5 192 192 --> 3
6 197 6 --> 2
4 168 3 --> 4
91 183 183 --> 1
265 265 265 --> 600
78 78 104 --> 4
13 33 196 --> 3
78 78 102 --> 4
91 162 5 --> 1
265 146 104 --> 6
104 3 3 --> 38
43 43 265 --> 17
5 104 6 --> 1
54 309 3 --> 2
192 140 5 --> 2
78 3 240 --> 2
183 120 13 --> 1
174 57 175 --> 3
146 175 3 --> 2
78 192 13 --> 1
102 45 45 --> 1
5 6 6 --> 8
195 192 91 --> 1
5 6 5 --> 19
5 6 3 --> 18
240 33 3 --> 1
12 221 102 --> 1
162 6 6 --> 1
195 195 3 --> 4
195 195 5 --> 11
331 3 6 --> 1
331 3 5 --> 1
195 195 6 --> 2
163 168 102 --> 1
91 196 91 --> 4
102 168 78 --> 3
3 340 3 --> 3
142 104 119 --> 1
195 13 195 --> 1
195 13 196 --> 1
168 78 91 --> 1
243 125 125 --> 3
102 168 91 --> 7
168 102 13 --> 1
265 340 43 --> 1
6 91 6 --> 1
54 220 4 --> 1
183 12 221 --> 1
174 175 168 --> 1
102 102 13 --> 3
33 268 13 --> 1
146 168 91 --> 1
192 183 122 --> 1
192 183 120 --> 1
331 146 168 --> 1
33 78 102 --> 1
5 192 78 --> 1
192 91 195 --> 1
192 192 5 --> 1
45 195 12 --> 1
192 192 6 --> 22
102 6 122 --> 1
5 195 192 --> 1
5 195 195 --> 11
5 195 197 --> 4
5 195 196 --> 6
168 168 19 --> 6
220 195 5 --> 3
195 104 192 --> 1
168 168 13 --> 3
168 6 45 --> 2
12 104 45 --> 1
140 192 140 --> 2
5 195 91 --> 6
3 192 142 --> 1
3 146 146 --> 4
3 146 142 --> 18
265 175 265 --> 7
4 78 5 --> 2
78 5 6 --> 1
265 168 195 --> 4
78 331 120 --> 1
78 5 3 --> 1
300 301 6 --> 2
4 78 3 --> 1
5 195 220 --> 2
142 265 265 --> 26
33 192 33 --> 3
175 3 175 --> 15
221 221 78 --> 2
240 13 13 --> 11
91 6 192 --> 2
5 91 45 --> 1
78 146 168 --> 3
168 168 195 --> 6
91 6 195 --> 4
12 91 168 --> 1
196 197 140 --> 1
142 265 119 --> 2
174 168 102 --> 2
168 78 102 --> 1
268 13 197 --> 1
168 78 104 --> 5
168 104 102 --> 1
104 78 13 --> 1
197 192 140 --> 5
146 3 60 --> 1
43 265 3 --> 37
3 197 5 --> 11
3 197 6 --> 4
3 197 3 --> 4
192 195 196 --> 1
192 195 197 --> 1
192 195 195 --> 2
6 5 91 --> 9
3 6 104 --> 1
5 192 3 --> 9
196 195 91 --> 1
102 183 331 --> 2
13 196 12 --> 1
168 265 4 --> 1
220 301 300 --> 2
220 301 301 --> 37
104 175 142 --> 9
91 5 195 --> 12
104 142 104 --> 6
6 54 54 --> 1
3 3 142 --> 84
19 19 45 --> 1
13 33 13 --> 4
3 3 141 --> 3
168 183 12 --> 1
197 5 6 --> 2
4 168 78 --> 2
4 19 168 --> 1
163 168 78 --> 1
192 45 122 --> 1
3 4 265 --> 2
240 4 13 --> 14
175 60 102 --> 1
192 195 91 --> 2
4 102 168 --> 2
13 33 3 --> 1
6 5 196 --> 1
265 142 265 --> 33
3 19 265 --> 2
104 33 13 --> 1
168 3 265 --> 492
3 340 168 --> 5
6 5 195 --> 4
122 168 78 --> 1
301 300 301 --> 17
301 300 300 --> 1
54 265 146 --> 4
265 54 54 --> 1
54 265 142 --> 2
5 78 168 --> 1
140 196 195 --> 1
13 220 5 --> 2
13 220 6 --> 1
78 174 168 --> 1
104 104 104 --> 3
265 3 104 --> 15
19 168 168 --> 8
13 197 104 --> 1
12 168 168 --> 2
45 43 78 --> 1
174 175 60 --> 3
195 220 195 --> 3
5 220 19 --> 1
140 6 5 --> 1
4 265 168 --> 3
45 78 102 --> 2
102 192 104 --> 2
45 78 104 --> 3
102 192 102 --> 2
5 196 13 --> 1
146 3 265 --> 31
265 43 265 --> 47
3 168 102 --> 1
141 5 6 --> 1
3 43 43 --> 10
141 5 3 --> 2
197 221 102 --> 1
3 5 91 --> 14
146 104 265 --> 7
78 104 13 --> 6
4 240 78 --> 7
5 102 168 --> 3
43 3 3 --> 14
13 78 13 --> 12
183 12 102 --> 1
102 3 13 --> 1
183 12 104 --> 1
5 45 5 --> 1
142 3 142 --> 82
102 3 78 --> 1
142 3 146 --> 16
168 45 331 --> 1
311 240 240 --> 3
163 78 195 --> 1
221 102 91 --> 1
168 3 3 --> 374
7 7 7 --> 5
220 220 6 --> 3
168 3 4 --> 6
4 195 168 --> 1
300 6 301 --> 1
142 104 104 --> 3
45 91 6 --> 1
45 91 3 --> 1
43 3 195 --> 1
195 140 197 --> 1
3 6 13 --> 2
195 12 104 --> 1
6 196 91 --> 1
140 5 91 --> 1
13 122 78 --> 1
19 4 168 --> 1
102 122 268 --> 1
221 54 54 --> 1
6 13 13 --> 1
91 140 91 --> 1
196 13 33 --> 4
301 6 6 --> 2
141 3 6 --> 1
33 104 5 --> 1
5 12 45 --> 1
174 45 6 --> 1
220 221 301 --> 4
195 340 265 --> 3
240 265 78 --> 1
125 91 6 --> 1
78 3 3 --> 3
78 3 4 --> 1
168 91 6 --> 3
91 104 168 --> 3
168 163 91 --> 1
265 168 19 --> 2
197 197 6 --> 1
146 265 104 --> 7
54 54 54 --> 143
197 197 3 --> 3
331 102 168 --> 1
102 221 221 --> 2
102 3 5 --> 1
4 265 3 --> 1
104 91 45 --> 3
102 45 78 --> 1
13 265 13 --> 1
91 197 162 --> 1
12 102 168 --> 2
3 104 104 --> 5
91 78 3 --> 1
91 78 5 --> 1
102 91 6 --> 5
19 3 45 --> 1
196 5 140 --> 4
19 19 265 --> 1
168 168 183 --> 1
13 3 78 --> 2
146 142 142 --> 16
146 142 146 --> 2
13 4 78 --> 16
174 175 191 --> 3
240 13 4 --> 16
162 6 3 --> 4
168 168 168 --> 4315
168 78 174 --> 1
195 3 78 --> 1
13 5 168 --> 2
91 6 163 --> 1
91 6 162 --> 1
168 168 162 --> 4
168 168 163 --> 1
168 240 78 --> 1
78 102 221 --> 1
78 60 197 --> 1
13 78 4 --> 10
192 243 125 --> 3
196 196 122 --> 1
102 45 192 --> 3
45 91 45 --> 2
78 5 168 --> 2
197 5 3 --> 7
13 196 13 --> 3
104 6 221 --> 1
78 240 78 --> 2
197 5 5 --> 11
175 60 60 --> 2
195 43 168 --> 1
175 175 265 --> 3
78 78 60 --> 2
91 54 265 --> 1
13 168 168 --> 1
3 78 91 --> 1
122 3 3 --> 1
163 221 78 --> 1
142 119 265 --> 1
175 265 119 --> 1
33 196 33 --> 3
33 5 3 --> 21
3 54 309 --> 2
3 265 19 --> 5
122 268 5 --> 1
91 265 3 --> 3
4 240 5 --> 1
4 240 4 --> 16
240 13 240 --> 5
6 78 78 --> 1
6 78 3 --> 1
3 197 91 --> 3
265 43 340 --> 2
3 3 192 --> 4
3 3 195 --> 7
3 3 197 --> 4
119 265 265 --> 2
91 196 192 --> 1
91 146 3 --> 1
4 19 19 --> 2
91 146 4 --> 1
6 6 5 --> 10
45 19 19 --> 1
6 6 6 --> 2
104 5 104 --> 1
102 91 163 --> 1
6 6 3 --> 7
168 19 168 --> 7
91 78 168 --> 1
102 91 168 --> 1
192 6 33 --> 21
3 33 78 --> 1
45 146 168 --> 2
195 91 192 --> 1
195 91 197 --> 2
195 91 196 --> 2
195 91 195 --> 6
168 19 162 --> 1
102 6 45 --> 2
175 5 102 --> 1
142 175 146 --> 4
91 10 146 --> 1
142 175 142 --> 21
192 5 192 --> 1
146 78 168 --> 2
104 104 175 --> 1
192 5 197 --> 1
3 162 197 --> 1
192 5 195 --> 1
5 6 197 --> 4
104 175 265 --> 4
4 19 3 --> 1
4 19 4 --> 2
142 7 7 --> 6
3 19 3 --> 191
5 6 195 --> 2
4 4 102 --> 1
3 19 4 --> 1
195 13 331 --> 1
104 13 78 --> 2
91 175 3 --> 1
168 45 45 --> 3
102 221 168 --> 2
197 192 78 --> 1
91 196 6 --> 2
13 220 91 --> 1
78 168 168 --> 20
197 197 102 --> 1
78 3 265 --> 2
300 6 221 --> 1
162 197 6 --> 1
6 91 91 --> 8
7 142 142 --> 13
142 3 54 --> 1
120 142 102 --> 1
265 102 265 --> 9
265 3 265 --> 381
6 125 5 --> 1
240 78 168 --> 2
78 104 197 --> 1
3 265 119 --> 1
183 195 13 --> 1
195 5 33 --> 1
168 195 3 --> 2
78 91 12 --> 1
4 5 13 --> 1
19 3 168 --> 1
102 183 195 --> 1
19 3 162 --> 1
265 265 240 --> 1
78 265 265 --> 2
54 3 5 --> 1
168 102 33 --> 1
3 78 104 --> 1
43 168 195 --> 3
3 78 102 --> 1
33 196 196 --> 6
91 3 6 --> 5
91 3 5 --> 18
33 196 195 --> 7
91 3 3 --> 16
168 163 168 --> 2
196 12 5 --> 1
168 4 4 --> 2
168 4 3 --> 4
7 13 122 --> 1
300 220 301 --> 5
265 340 340 --> 1
175 142 104 --> 9
168 168 91 --> 10
33 78 168 --> 1
174 174 175 --> 3
174 174 174 --> 72
168 43 43 --> 20
13 192 12 --> 1
122 168 168 --> 1
54 3 174 --> 1
104 174 60 --> 2
13 5 220 --> 1
309 54 240 --> 1
195 196 33 --> 6
33 13 195 --> 3
33 13 197 --> 2
33 13 196 --> 4
3 91 142 --> 1
119 3 265 --> 3
195 168 265 --> 4
3 3 43 --> 19
221 220 301 --> 1
78 13 5 --> 1
195 195 140 --> 2
3 3 45 --> 7
221 301 220 --> 2
3 192 3 --> 6
140 91 91 --> 1
3 192 5 --> 6
3 192 6 --> 1
220 5 5 --> 1
4 240 240 --> 13
142 142 119 --> 2
13 192 6 --> 1
45 19 3 --> 1
196 122 168 --> 1
13 102 168 --> 4
102 104 91 --> 1
168 78 168 --> 9
5 91 197 --> 2
168 91 163 --> 4
5 91 195 --> 4
5 91 192 --> 3
168 91 168 --> 2
54 142 3 --> 1
91 195 195 --> 5
91 192 3 --> 3
91 195 196 --> 1
91 192 6 --> 1
91 192 5 --> 4
142 142 54 --> 5
141 197 5 --> 1
5 140 91 --> 3
175 265 142 --> 8
91 5 91 --> 24
175 60 13 --> 1
3 265 4 --> 3
3 195 5 --> 5
3 195 3 --> 6
168 146 3 --> 41
78 78 78 --> 59
192 6 102 --> 1
3 91 102 --> 1
78 4 78 --> 7
265 175 3 --> 8
162 168 168 --> 1
102 168 192 --> 3
122 3 13 --> 1
175 265 104 --> 3
4 4 265 --> 2
197 301 220 --> 1
3 195 43 --> 1
221 221 301 --> 1
45 331 6 --> 1
340 340 168 --> 1
340 168 265 --> 11
3 168 340 --> 4
168 195 340 --> 7
265 265 119 --> 3
195 195 91 --> 3
265 119 142 --> 1
265 119 146 --> 1
3 104 265 --> 22
265 19 19 --> 1
240 4 78 --> 5
45 195 195 --> 1
102 78 175 --> 1
3 162 168 --> 1
3 13 220 --> 1
195 196 196 --> 12
195 196 195 --> 3
142 175 175 --> 8
45 168 168 --> 3
33 33 104 --> 1
104 78 91 --> 1
104 265 142 --> 18
5 78 104 --> 1
142 142 265 --> 40
192 197 102 --> 1
6 197 45 --> 1
3 142 142 --> 72
175 146 265 --> 5
3 142 146 --> 16
13 196 195 --> 1
13 196 196 --> 3
4 146 265 --> 1
265 265 104 --> 12
265 265 102 --> 11
3 175 104 --> 12
142 146 175 --> 2
78 168 33 --> 1
104 6 78 --> 1
265 142 54 --> 1
195 12 45 --> 1
102 192 168 --> 8
122 6 3 --> 1
13 12 3 --> 1
168 4 19 --> 3
6 196 33 --> 1
192 78 91 --> 1
3 168 162 --> 1
104 45 4 --> 1
140 140 5 --> 1
3 168 168 --> 936
78 19 4 --> 1
3 4 78 --> 1
122 268 45 --> 3
78 104 183 --> 1
5 102 102 --> 1
78 104 5 --> 2
54 192 6 --> 1
3 265 104 --> 23
78 197 102 --> 1
78 240 3 --> 1
78 240 4 --> 7
3 91 3 --> 20
197 3 192 --> 1
3 91 5 --> 25
197 3 197 --> 4
3 91 6 --> 7
301 301 197 --> 3
163 78 331 --> 1
265 146 3 --> 29
45 5 3 --> 1
175 142 3 --> 34
45 5 5 --> 1
168 192 183 --> 1
192 33 5 --> 3
104 13 168 --> 2
240 240 4 --> 16
102 102 192 --> 4
104 5 13 --> 1
3 78 265 --> 6
140 195 5 --> 1
11 45 33 --> 3
168 192 168 --> 5
3 146 265 --> 18
119 142 54 --> 1
168 192 163 --> 2
197 6 162 --> 1
197 197 91 --> 1
146 175 265 --> 2
163 102 168 --> 1
102 265 168 --> 18
3 6 33 --> 1
168 5 3 --> 1
340 265 265 --> 5
168 4 265 --> 1
13 12 60 --> 2
146 119 142 --> 3
104 60 5 --> 1
3 3 54 --> 1
197 45 5 --> 1
175 142 265 --> 7
146 4 104 --> 1
192 197 91 --> 1
5 91 3 --> 12
195 3 195 --> 2
5 91 6 --> 8
5 91 5 --> 40
3 309 309 --> 1
13 4 13 --> 27
13 240 13 --> 4
78 12 168 --> 1
340 3 168 --> 4
168 168 146 --> 100
78 4 240 --> 7
5 196 192 --> 1
5 196 196 --> 3
5 196 197 --> 1
6 195 195 --> 5
197 195 192 --> 1
220 220 195 --> 2
301 220 300 --> 1
301 220 301 --> 26
142 102 142 --> 2
13 196 33 --> 3
60 60 13 --> 1
45 60 104 --> 1
19 162 168 --> 1
78 3 19 --> 1
220 6 295 --> 1
197 3 5 --> 6
197 3 6 --> 5
192 196 195 --> 2
197 3 3 --> 3
192 196 196 --> 2
142 175 3 --> 16
3 3 265 --> 272
146 221 104 --> 1
78 168 3 --> 2
192 91 10 --> 1
175 265 175 --> 5
301 300 6 --> 2
33 196 13 --> 1
3 340 43 --> 1
102 45 91 --> 2
5 78 60 --> 1
195 195 195 --> 344
192 13 5 --> 1
195 195 196 --> 13
3 265 78 --> 2
78 13 78 --> 3
6 78 13 --> 1
125 6 3 --> 1
45 163 168 --> 1
102 168 265 --> 20
43 340 265 --> 1
220 301 220 --> 1
168 19 146 --> 1
6 33 33 --> 1
91 12 102 --> 1
196 102 102 --> 1
102 78 168 --> 2
197 3 162 --> 1
6 174 174 --> 3
168 192 45 --> 1
4 4 5 --> 1
4 4 4 --> 46
168 60 102 --> 1
3 168 195 --> 3
183 6 3 --> 1
45 3 146 --> 1
4 4 168 --> 1
197 102 102 --> 2
195 192 102 --> 1
13 13 196 --> 3
13 13 195 --> 4
340 340 265 --> 1
13 13 192 --> 1
195 6 3 --> 2
195 6 6 --> 1
5 146 13 --> 1
195 6 5 --> 3
6 5 192 --> 6
3 4 168 --> 7
5 192 174 --> 1
6 5 197 --> 3
78 168 102 --> 10
3 5 192 --> 4
3 5 197 --> 10
3 5 195 --> 4
301 301 295 --> 11
195 265 168 --> 4
4 13 265 --> 2
13 78 168 --> 1
45 78 91 --> 1
163 91 168 --> 1
4 168 168 --> 14
3 340 265 --> 1
142 3 119 --> 1
168 33 3 --> 1
142 146 104 --> 10
3 175 265 --> 13
3 197 192 --> 22
13 13 265 --> 3
3 197 197 --> 2
192 3 197 --> 2
192 3 3 --> 9
192 3 5 --> 8
192 3 6 --> 3
13 4 265 --> 1
195 33 196 --> 5
195 33 195 --> 7
168 102 5 --> 4
192 5 91 --> 1
168 102 6 --> 5
13 12 104 --> 2
168 102 3 --> 2
5 6 192 --> 3
168 146 19 --> 1
4 4 78 --> 20
175 146 104 --> 2
162 78 19 --> 1
102 78 91 --> 1
54 146 175 --> 1
78 78 4 --> 3
104 91 104 --> 2
104 91 102 --> 1
6 104 91 --> 1
142 119 146 --> 1
60 104 5 --> 1
168 192 197 --> 1
104 3 265 --> 19
168 192 195 --> 1
60 102 102 --> 2
102 102 183 --> 1
91 104 78 --> 1
125 54 3 --> 1
104 146 142 --> 6
163 78 78 --> 1
196 13 195 --> 1
196 13 196 --> 3
183 122 168 --> 1
175 119 142 --> 1
13 168 102 --> 6
146 19 265 --> 1
6 7 13 --> 2
192 192 91 --> 1
174 174 11 --> 3
12 3 146 --> 1
140 5 5 --> 2
104 91 12 --> 1
91 3 4 --> 1
168 265 19 --> 3
104 91 168 --> 3
195 196 12 --> 1
195 196 13 --> 3
192 13 168 --> 1
19 4 265 --> 1
91 45 195 --> 1
33 33 78 --> 1
78 265 4 --> 4
146 54 265 --> 1
102 163 78 --> 1
78 265 3 --> 1
5 78 91 --> 2
3 3 60 --> 1
146 142 119 --> 1
91 196 140 --> 1
120 6 45 --> 1
45 6 5 --> 1
13 6 91 --> 1
13 192 195 --> 1
78 162 3 --> 1
102 7 142 --> 1
102 192 13 --> 1
125 125 91 --> 3
6 6 195 --> 2
45 192 163 --> 4
33 3 240 --> 1
43 43 43 --> 8
195 104 174 --> 3
91 197 5 --> 3
91 197 3 --> 2
6 6 197 --> 1
