102 168 102 168 168 102 168 --> 1
168 168 168 168 102 45 13 --> 1
3 3 3 6 6 6 3 --> 1
6 91 5 54 54 220 4 --> 1
3 19 19 19 3 3 195 --> 1
5 168 168 102 168 102 192 --> 1
265 265 3 3 265 3 142 --> 1
142 3 265 3 142 3 54 --> 1
192 6 91 13 13 13 168 --> 1
3 3 168 168 168 265 43 --> 1
301 301 301 301 301 301 301 --> 1
146 168 104 91 104 168 102 --> 1
265 168 168 4 146 168 3 --> 1
168 3 168 265 168 168 168 --> 1
104 265 3 3 265 3 3 --> 1
78 265 265 3 168 168 265 --> 1
142 142 142 142 7 142 142 --> 1
78 168 168 168 102 168 168 --> 1
3 3 6 5 6 91 3 --> 1
196 196 196 33 5 146 91 --> 1
78 4 240 4 4 4 13 --> 1
196 102 102 102 168 168 78 --> 1
3 6 91 5 197 192 192 --> 1
6 13 13 12 3 146 168 --> 1
168 168 265 265 265 3 168 --> 1
102 168 168 102 168 102 168 --> 1
104 33 13 197 104 45 4 --> 1
3 265 142 142 175 104 3 --> 1
13 3 5 102 168 102 168 --> 1
168 102 168 102 45 5 168 --> 1
5 5 3 3 6 3 3 --> 1
240 240 4 13 13 4 4 --> 1
6 5 5 3 5 5 3 --> 1
265 265 168 168 265 168 168 --> 1
13 168 102 168 102 168 91 --> 1
168 102 33 13 197 78 146 --> 1
3 3 5 6 5 5 3 --> 1
168 168 265 146 168 146 146 --> 1
3 168 168 168 168 3 265 --> 2
168 3 168 3 168 265 43 --> 1
174 174 174 174 174 174 174 --> 1
168 168 168 168 168 168 168 --> 3
3 3 5 91 45 5 168 --> 1
45 78 13 104 78 78 3 --> 1
240 4 13 13 240 4 240 --> 1
4 3 6 91 91 91 6 --> 1
168 168 45 13 6 3 6 --> 1
168 183 12 102 102 168 102 --> 1
78 4 240 240 240 13 13 --> 1
3 78 3 240 265 78 168 --> 1
146 3 168 168 162 168 168 --> 1
54 54 309 54 54 309 54 --> 1
3 168 168 168 168 168 168 --> 1
91 5 6 5 3 192 3 --> 1
265 265 168 168 168 168 265 --> 1
4 168 3 168 3 3 168 --> 1
19 19 3 19 3 3 3 --> 1
265 265 168 168 168 3 168 --> 1
3 146 3 265 142 142 142 --> 1
265 168 168 168 168 168 265 --> 1
168 168 265 168 168 168 168 --> 1
3 3 141 3 91 5 197 --> 1
142 265 3 265 265 142 3 --> 1
3 168 3 265 3 265 168 --> 1
168 168 168 168 3 265 3 --> 1
4 13 4 4 240 4 13 --> 1
168 168 265 168 265 168 168 --> 1
168 3 168 168 265 265 168 --> 1
43 168 168 265 168 168 168 --> 1
78 265 168 146 265 168 3 --> 1
265 168 168 168 265 168 168 --> 1
168 168 168 102 195 5 33 --> 1
3 142 265 142 142 3 142 --> 1
168 168 265 146 3 168 168 --> 1
240 240 13 4 78 4 4 --> 1
